1000 3999
1 192
1 336
1 896
1 507
1 216
1 571
1 974
1 374
1 869
2 189
2 881
2 455
2 819
2 313
3 870
3 988
3 225
3 595
3 408
3 468
3 412
3 517
3 398
3 720
3 411
3 366
4 285
4 164
4 630
4 784
4 927
4 310
4 566
4 81
4 94
4 778
5 687
5 59
5 268
5 329
5 573
5 726
5 994
5 670
5 85
5 947
6 824
6 695
6 411
6 645
6 975
6 387
6 484
6 404
6 73
6 157
6 602
6 341
6 42
7 959
7 688
7 523
7 175
8 957
8 711
8 659
8 865
8 793
8 381
9 847
9 599
9 306
9 291
9 244
9 532
9 691
9 114
9 899
9 302
9 823
9 389
10 796
10 117
10 488
10 837
10 262
10 352
10 985
10 408
10 703
11 867
11 569
11 310
11 88
11 218
11 781
11 725
11 94
11 720
12 74
12 53
12 121
12 85
12 549
12 557
12 606
12 302
13 19
13 616
13 677
13 703
13 585
13 541
13 185
14 185
14 254
14 427
14 834
14 701
14 292
14 849
14 694
15 645
15 136
15 820
15 285
15 810
15 125
15 369
15 724
15 190
15 935
16 464
16 799
16 28
16 937
16 277
16 866
16 973
16 225
16 343
17 962
17 567
17 589
17 322
17 966
17 132
17 512
17 744
17 106
17 711
17 273
18 102
18 409
18 296
18 660
18 452
18 672
18 831
18 164
18 666
18 513
18 488
19 588
19 173
19 497
19 166
19 358
19 82
19 790
19 873
19 585
19 456
19 258
20 790
20 130
20 171
20 811
20 147
20 846
20 545
20 1000
21 541
21 327
21 412
21 608
21 893
21 794
21 995
21 762
22 177
22 239
22 483
22 724
22 484
22 53
22 420
22 408
22 113
22 153
23 231
23 701
23 736
23 439
23 129
23 252
23 382
23 92
24 126
24 733
24 958
24 568
24 460
24 118
24 62
24 73
24 787
24 276
25 781
25 928
25 357
25 196
25 444
25 184
25 221
26 814
26 977
26 780
26 937
27 394
27 102
27 404
27 71
27 66
27 34
28 390
28 307
28 363
28 603
28 376
29 533
29 655
29 875
29 167
29 754
29 334
29 919
29 216
29 929
29 84
30 97
30 85
30 205
30 992
30 976
30 947
30 515
30 319
30 518
31 919
31 895
31 36
31 511
31 148
31 891
31 92
31 876
31 198
32 821
32 235
32 777
32 77
32 46
32 93
33 48
33 913
33 145
33 462
33 629
33 65
34 678
34 491
34 218
34 245
34 324
34 818
34 907
34 447
35 339
35 443
35 187
35 133
36 564
36 746
36 870
36 224
36 552
36 212
36 206
36 348
36 648
36 386
36 382
36 566
37 83
37 639
37 853
37 501
37 856
37 683
37 563
37 389
38 114
38 915
38 189
38 746
38 690
38 989
38 946
38 725
38 671
38 399
39 63
39 163
39 706
39 552
39 286
39 828
40 223
40 609
40 403
40 462
40 196
40 972
40 895
40 976
40 502
40 957
40 642
40 571
40 718
41 615
41 114
41 785
41 289
41 431
41 189
41 561
41 948
41 468
41 514
41 790
42 812
42 618
42 766
42 355
42 496
42 959
42 665
43 817
43 622
43 272
43 538
43 111
43 120
43 427
43 989
43 696
43 802
43 528
44 430
44 50
44 619
44 742
44 115
45 995
45 159
45 519
45 321
45 437
46 825
46 218
46 699
46 404
46 190
46 156
46 935
46 47
47 93
47 301
47 97
47 553
47 459
47 754
48 398
48 564
48 798
48 127
48 678
48 706
49 601
49 497
49 959
49 819
49 389
49 705
49 237
50 626
50 789
50 690
50 770
50 290
50 907
50 713
50 400
51 841
51 333
51 732
51 417
51 509
51 717
51 546
52 876
52 857
52 278
52 82
52 434
52 228
52 551
52 666
52 892
52 729
52 178
53 230
53 429
53 790
53 812
53 272
53 356
53 263
53 381
53 917
53 797
53 833
53 564
53 581
54 958
54 60
54 770
54 965
54 366
54 168
54 985
54 368
54 431
54 380
54 295
54 307
55 190
55 824
55 362
55 712
55 209
55 361
55 982
55 121
56 304
56 754
56 517
56 865
56 938
56 858
57 372
57 492
57 347
57 881
57 91
57 339
57 720
58 417
58 416
58 378
58 887
58 130
59 356
59 611
59 197
59 127
59 695
59 666
59 859
60 508
61 92
61 291
61 284
61 551
61 708
62 473
62 671
62 294
62 419
62 963
62 87
62 245
62 73
62 437
62 814
62 434
62 99
63 797
63 69
63 555
63 347
63 88
63 214
63 689
64 159
64 719
64 852
64 540
64 226
64 901
64 288
64 795
64 782
65 647
65 251
65 921
65 791
65 530
65 195
65 810
66 524
66 232
66 277
66 762
66 700
66 428
66 132
66 767
66 135
66 599
66 129
67 954
67 642
67 716
67 399
67 643
67 577
67 277
67 848
67 499
68 508
68 653
68 847
68 261
68 149
68 529
68 867
69 191
69 357
69 967
69 87
69 773
69 744
69 639
69 374
70 624
70 637
70 488
70 854
71 586
71 926
71 110
71 81
71 981
71 559
71 296
72 983
72 186
72 637
72 915
72 676
72 991
73 509
73 907
73 521
73 783
73 227
73 256
73 224
74 78
74 591
74 499
74 991
74 743
74 937
74 533
75 787
75 756
75 749
75 788
75 638
75 846
76 167
76 956
76 966
76 602
76 121
76 401
76 444
76 988
76 374
76 475
76 279
76 95
77 747
77 149
77 931
77 380
77 206
77 726
78 182
78 508
78 234
78 100
78 874
79 842
79 381
79 194
79 676
79 960
79 359
79 679
79 908
79 459
80 328
80 315
80 244
80 473
80 407
80 567
80 414
81 321
81 151
81 889
81 585
81 455
82 166
82 992
82 520
82 622
82 659
82 696
82 576
82 300
82 753
82 641
82 232
82 891
83 110
83 281
83 278
83 459
83 472
83 549
83 430
83 864
83 631
83 388
84 823
84 859
84 931
84 902
84 884
84 308
84 737
85 738
85 364
85 272
85 934
85 446
85 670
85 788
86 610
86 938
86 365
86 699
86 533
86 847
86 180
86 844
86 286
87 579
87 643
87 388
87 272
88 801
88 234
88 250
88 537
88 155
88 685
88 824
89 499
89 742
89 747
89 817
89 186
89 391
89 273
89 972
89 453
89 697
89 135
90 415
90 126
90 358
90 404
90 868
90 576
90 518
90 983
90 829
90 739
90 262
90 974
91 879
91 792
91 218
91 496
91 623
91 545
91 463
91 166
91 94
92 939
92 128
92 746
92 187
93 923
93 950
93 444
93 303
93 604
94 662
94 215
94 176
94 679
94 730
94 705
94 334
95 500
95 677
95 451
95 260
95 266
96 978
96 423
96 515
96 817
96 334
96 125
97 314
97 907
97 680
97 464
98 511
98 262
98 997
98 241
98 963
98 503
98 838
98 399
98 159
98 151
98 286
98 948
98 689
99 626
99 190
99 609
99 449
99 208
99 966
99 508
99 262
100 840
100 183
100 503
100 264
100 577
100 339
100 802
100 610
101 512
101 253
101 954
101 703
101 198
101 218
102 738
102 124
102 663
102 565
102 225
102 647
102 575
103 987
103 520
103 552
103 466
103 580
103 211
104 894
104 614
104 926
104 294
104 129
104 449
105 668
105 493
105 473
105 409
105 842
105 630
105 441
105 258
106 953
106 179
106 375
106 565
106 598
106 745
107 416
107 787
107 614
108 713
108 879
108 396
108 776
108 512
109 274
109 435
109 127
109 312
109 297
109 257
109 639
109 664
109 525
109 868
110 220
110 888
110 884
110 855
110 691
111 144
111 503
111 192
111 156
112 715
112 893
112 379
112 741
112 449
112 527
112 757
112 818
113 449
113 796
113 187
113 851
113 346
113 144
113 928
113 339
113 926
114 999
114 147
114 975
114 467
114 956
114 568
114 811
114 686
114 992
115 607
115 171
115 459
115 900
115 594
116 454
116 237
116 279
116 834
116 852
116 357
116 526
116 632
116 683
116 303
116 230
117 354
117 693
117 449
117 604
117 899
117 269
117 358
118 268
118 299
118 882
118 845
118 462
119 201
119 864
119 216
119 411
119 130
120 594
120 960
120 180
120 602
120 721
120 883
121 833
121 720
121 383
121 940
121 567
121 658
121 944
121 197
122 559
122 668
122 318
122 466
122 241
122 837
122 681
123 317
123 818
123 990
123 619
123 397
124 637
124 906
124 783
124 232
124 931
124 870
124 457
124 162
124 194
124 797
125 467
125 447
125 198
125 551
125 634
125 167
125 177
126 295
126 920
126 241
126 156
126 910
126 916
126 583
127 707
127 274
127 985
127 451
128 763
128 363
128 703
128 450
128 509
128 323
128 773
128 180
128 879
128 976
129 459
129 819
129 972
129 950
129 795
129 676
129 300
129 745
129 605
130 180
130 723
130 380
130 469
130 322
130 642
130 710
130 552
130 686
131 240
131 958
131 620
131 907
131 953
131 263
131 583
131 351
131 863
131 850
132 915
132 835
132 239
132 476
132 872
132 735
133 211
133 276
133 343
133 996
133 468
133 863
134 155
134 446
134 452
134 495
134 867
134 330
134 672
134 920
134 979
134 534
135 783
135 838
135 652
135 737
135 745
135 379
135 557
135 543
136 393
136 392
136 849
137 288
137 661
137 298
137 617
138 643
138 874
138 820
138 210
138 589
138 995
138 275
139 380
139 873
139 197
139 295
139 693
139 633
139 591
139 482
139 373
139 962
139 597
140 622
140 513
140 955
140 750
140 697
140 871
140 678
140 804
141 261
141 176
141 321
141 273
141 771
141 445
141 822
141 268
141 249
141 311
142 245
142 498
142 311
142 846
142 966
142 259
142 438
142 485
142 375
142 637
143 832
143 773
143 218
143 364
144 488
144 825
144 347
144 950
144 554
144 977
144 164
144 146
145 596
145 157
145 159
145 554
145 173
145 179
145 540
145 524
145 694
146 851
146 669
146 191
146 589
146 218
146 634
146 981
146 429
147 323
147 968
147 994
147 386
147 840
147 615
147 382
147 455
148 952
148 747
148 213
148 337
148 295
148 833
149 341
149 259
149 219
149 986
149 566
149 190
149 870
149 938
149 835
150 981
150 589
150 675
150 667
150 341
151 702
151 729
151 885
151 870
151 989
152 332
152 158
152 991
152 447
152 507
152 781
153 886
153 434
153 738
153 798
153 292
153 512
153 671
154 481
154 204
154 729
154 990
155 690
155 567
155 606
155 442
156 701
156 761
156 776
156 426
156 577
156 560
157 722
157 971
158 220
158 785
158 174
158 953
158 317
158 687
159 815
159 697
159 849
159 651
159 214
159 872
160 872
160 466
160 741
160 516
160 794
160 407
160 625
161 393
161 692
161 699
161 871
162 228
162 619
162 605
162 867
162 517
162 524
162 635
162 305
163 585
163 963
163 762
164 837
164 747
164 692
164 359
165 545
165 227
165 945
165 360
165 676
165 585
165 983
165 319
165 303
166 788
166 888
166 376
166 642
166 520
166 783
166 240
167 748
167 524
167 660
167 645
167 928
167 906
167 777
167 601
168 875
168 939
168 170
168 527
168 401
168 587
168 388
168 764
169 935
169 285
169 751
169 371
169 239
169 361
169 378
169 447
169 984
169 972
169 688
169 723
170 731
170 318
170 897
170 798
170 597
170 693
170 924
171 550
171 706
172 578
172 916
172 342
172 988
172 781
172 804
172 516
172 788
173 969
173 791
173 667
173 610
173 709
174 423
174 755
174 549
174 205
174 588
174 570
175 694
175 481
175 808
175 351
175 829
176 765
176 177
176 921
176 892
177 506
177 989
177 944
177 203
177 450
177 618
177 494
177 514
177 610
177 182
178 212
178 279
178 568
178 313
178 438
178 395
178 239
178 718
179 473
179 526
179 894
179 847
179 250
179 385
179 753
180 662
180 710
180 934
180 927
180 998
180 580
181 233
181 808
181 279
181 417
181 565
181 963
181 312
182 834
182 762
182 851
182 661
182 826
183 500
183 519
183 757
183 944
184 620
184 517
184 321
184 996
184 743
185 968
185 735
185 331
185 905
185 541
185 391
185 700
185 802
185 231
185 971
185 534
186 921
186 939
186 875
186 191
187 229
187 963
187 226
187 923
187 453
187 230
188 235
188 406
188 358
188 669
188 840
188 609
188 342
189 299
189 222
189 816
189 738
190 584
190 726
190 770
191 341
191 890
191 276
191 236
191 989
191 887
191 465
192 331
192 940
192 907
193 538
193 911
193 230
193 968
193 783
193 926
194 590
194 598
194 368
194 364
194 913
195 241
195 433
195 959
195 298
195 205
195 955
195 507
195 452
195 329
195 577
195 378
196 685
196 283
196 247
196 463
196 418
196 458
197 452
197 557
197 475
197 599
197 805
197 217
197 811
197 883
197 803
197 253
197 553
197 826
197 237
198 803
198 600
198 634
198 524
198 842
198 277
198 955
199 437
199 421
199 295
199 490
199 723
199 248
199 673
200 742
200 445
200 875
200 541
201 440
201 400
201 220
201 205
201 637
201 370
202 816
202 483
202 647
202 417
202 911
203 320
203 844
203 579
203 416
203 321
203 297
203 994
204 637
204 709
204 390
204 719
204 792
204 516
204 640
205 466
205 760
205 976
205 533
205 351
205 866
205 796
205 508
206 369
206 272
206 239
206 347
206 911
207 348
207 456
207 965
207 582
207 633
207 918
207 571
207 451
207 700
208 232
208 488
208 364
208 422
208 452
209 661
209 944
209 664
209 765
209 566
209 750
209 864
209 247
210 641
210 953
210 676
210 262
210 716
210 963
210 968
210 395
210 714
210 589
210 418
211 531
211 598
211 483
211 423
211 409
211 275
211 694
212 278
212 849
212 391
212 845
213 767
213 530
213 345
213 960
213 965
213 253
214 463
214 651
214 914
214 265
214 639
214 598
214 285
214 855
214 474
215 684
215 475
215 622
215 949
216 930
216 624
216 541
216 915
217 844
217 579
217 335
218 562
218 838
218 872
218 831
219 326
219 268
219 277
219 744
219 368
219 793
219 227
219 712
219 525
219 716
220 223
220 377
220 532
220 311
220 868
221 676
221 352
221 304
221 810
222 556
222 683
222 504
222 303
223 806
223 595
223 542
223 819
223 527
224 589
224 634
224 251
224 336
224 643
224 912
225 955
225 314
225 247
225 835
225 299
225 531
225 914
226 625
226 489
226 459
227 786
227 384
227 778
227 589
227 270
227 484
228 820
228 424
228 532
228 642
229 877
229 230
229 364
229 680
229 471
229 248
229 855
229 957
230 656
230 928
230 368
230 465
230 647
230 846
230 515
231 612
231 658
231 378
231 364
231 639
231 494
231 563
232 435
232 581
232 708
233 729
233 517
234 292
234 851
234 937
234 663
234 415
234 621
235 356
235 944
235 258
235 791
235 277
235 397
236 675
236 744
236 621
236 529
236 491
236 580
237 365
237 994
237 956
237 777
237 249
238 264
238 632
238 666
238 369
238 738
238 354
238 605
238 597
238 958
239 999
239 704
239 698
239 733
239 631
239 358
240 377
240 996
240 444
240 371
240 452
240 800
240 677
241 491
241 602
241 577
241 440
241 756
242 904
242 847
242 405
242 292
242 555
242 384
242 660
242 349
242 886
242 332
242 359
242 839
243 480
243 973
243 919
243 479
243 865
243 530
243 349
244 757
244 514
244 661
244 690
245 660
245 641
245 324
245 733
246 627
246 991
246 496
246 585
246 587
246 499
247 853
247 403
247 721
247 693
247 892
247 298
247 408
247 830
247 591
247 614
247 324
248 402
248 852
248 654
248 555
248 804
248 836
248 806
249 280
249 680
249 451
249 329
249 931
250 932
250 429
250 845
250 686
250 793
250 513
250 935
251 475
251 711
251 600
251 748
251 873
252 696
252 545
252 303
252 777
252 559
252 811
252 536
252 880
253 300
253 442
253 755
253 277
253 556
254 869
254 789
254 449
254 319
254 790
254 827
254 882
255 344
255 316
255 445
255 462
255 791
255 880
256 965
256 940
256 518
256 896
256 481
256 692
256 906
256 767
256 387
256 758
256 829
257 938
257 905
257 603
257 385
257 900
257 790
257 895
257 378
257 979
258 709
258 950
258 420
258 756
258 847
258 654
258 322
258 873
258 970
259 395
259 967
259 958
259 678
259 424
259 579
259 393
259 626
260 774
260 840
260 393
261 994
261 768
262 496
262 339
262 910
262 785
263 735
263 764
263 604
264 889
264 600
264 905
264 937
264 430
264 663
264 335
264 592
264 619
264 768
265 349
265 523
265 268
265 400
266 598
266 302
266 549
266 409
266 589
266 702
266 338
266 316
266 836
266 481
267 606
267 546
267 336
267 433
267 427
267 282
268 862
268 581
268 399
268 451
268 989
269 798
269 404
269 788
269 672
269 700
269 578
270 883
270 800
270 356
270 815
270 470
270 413
270 584
270 382
271 434
271 321
271 741
271 501
271 881
271 516
271 427
271 391
271 839
271 287
271 582
272 376
272 894
273 982
273 377
273 345
273 795
273 555
274 834
274 526
274 732
275 752
275 856
275 574
275 310
275 907
276 768
276 825
276 756
276 641
276 789
276 617
276 499
277 950
277 572
277 472
277 468
277 780
278 557
278 452
278 877
278 699
279 726
279 508
279 800
279 333
279 775
280 699
280 600
280 697
280 962
280 850
280 379
280 395
280 349
280 769
281 355
281 369
281 999
281 345
281 835
281 997
282 810
282 432
282 839
282 932
282 907
282 285
283 813
283 999
284 688
284 882
284 810
284 611
284 415
285 461
285 794
285 560
285 666
286 750
286 583
286 943
286 744
286 579
286 642
286 768
287 910
287 486
287 445
287 700
287 966
287 976
288 382
288 611
288 680
288 407
288 522
289 554
289 351
289 734
289 605
289 490
289 693
289 300
290 764
290 469
290 966
290 716
290 952
290 384
291 430
291 618
291 546
291 379
291 402
291 999
291 550
292 734
292 441
292 715
292 378
292 310
292 683
292 341
292 490
293 878
293 548
293 475
293 701
293 377
294 358
294 783
294 599
294 346
294 689
294 784
294 679
295 631
295 511
296 523
296 398
296 852
296 785
296 869
296 499
296 481
297 521
297 689
297 385
297 373
297 411
297 724
297 379
298 808
298 452
298 549
298 718
299 609
299 408
299 796
299 569
299 556
299 992
299 759
300 325
300 892
300 520
300 612
300 382
300 423
300 920
300 848
300 438
301 499
301 611
301 687
302 378
302 364
302 535
303 727
303 528
303 685
303 891
303 346
303 938
303 601
304 396
304 936
304 921
304 567
304 441
304 685
304 703
304 742
305 443
305 570
305 747
305 895
305 346
306 897
306 970
306 601
306 576
307 978
307 753
307 720
307 381
308 777
308 853
308 441
308 948
308 629
308 553
309 960
309 636
309 669
309 463
310 599
310 420
310 340
310 571
310 779
311 745
311 901
312 762
312 476
312 588
312 386
312 559
313 565
313 718
313 947
313 955
313 532
313 561
313 653
314 906
314 404
314 568
315 380
316 811
316 385
316 469
316 961
316 541
317 716
317 727
317 461
318 457
318 592
319 659
319 727
319 344
319 386
319 874
320 936
320 892
320 732
321 896
321 515
321 418
321 687
322 522
322 630
322 513
322 622
322 848
323 633
323 635
323 478
323 476
323 533
323 874
323 337
324 408
324 596
324 836
324 756
324 789
325 580
325 881
325 738
325 563
326 926
326 678
326 782
326 999
326 750
326 556
326 708
327 951
327 902
327 788
327 688
328 602
328 791
328 468
328 751
328 364
328 852
329 924
329 505
329 882
329 695
329 796
329 668
329 355
330 526
330 594
330 805
330 666
330 721
330 379
331 546
331 742
331 818
331 515
331 807
332 943
332 447
333 394
333 666
333 844
333 616
333 690
333 752
334 791
334 340
334 901
334 734
334 628
335 665
335 823
335 381
335 454
335 350
336 710
336 979
336 888
336 465
337 684
337 390
337 846
337 936
337 747
337 735
337 445
337 689
338 510
338 887
338 769
338 777
338 428
338 753
338 925
338 358
339 768
339 749
339 427
339 993
339 413
339 481
340 927
340 488
340 459
340 843
340 659
340 612
340 982
341 508
341 572
341 497
342 679
342 638
342 550
342 429
342 752
342 607
342 645
342 678
342 916
342 686
342 768
343 406
343 379
343 386
344 980
344 722
344 888
345 484
345 728
345 971
345 546
345 552
345 895
345 682
346 583
346 504
346 448
346 937
346 564
346 478
346 697
346 384
347 946
347 449
347 454
347 656
347 555
347 535
348 846
348 806
348 965
349 730
349 445
349 954
349 725
349 708
350 368
350 437
350 494
350 770
351 924
351 525
351 476
351 533
351 806
351 386
352 438
352 916
352 355
352 738
353 357
353 912
353 588
353 453
353 496
354 948
354 795
354 706
354 877
354 516
354 843
355 884
355 643
355 926
355 967
356 896
356 548
357 776
357 758
357 383
357 802
357 398
358 677
358 600
358 814
358 872
358 903
358 1000
358 817
358 483
358 679
359 671
359 716
359 473
359 727
359 658
359 645
359 885
359 782
360 513
360 582
360 474
360 848
360 575
360 736
361 494
361 942
361 626
361 945
361 700
362 650
362 820
362 952
362 822
362 794
362 480
363 976
363 543
363 626
363 623
363 452
364 1000
364 366
364 927
364 923
364 544
364 881
365 941
365 504
365 678
365 491
365 952
365 867
365 676
365 538
365 862
366 954
366 674
366 377
366 534
366 967
366 821
366 872
366 581
366 615
367 591
367 527
367 945
367 757
367 509
367 786
368 485
368 436
368 612
368 815
368 833
369 651
369 494
369 977
370 737
370 739
370 988
370 543
370 474
370 393
370 748
371 536
371 604
371 597
371 1000
371 594
372 744
372 467
372 661
372 991
373 956
373 441
373 747
373 822
373 784
373 903
373 625
374 718
374 780
374 827
374 406
374 440
374 499
375 636
375 741
375 497
375 931
375 903
376 518
376 717
376 800
376 694
376 986
377 639
377 451
377 642
377 992
378 983
378 790
378 627
378 756
378 433
379 667
379 566
379 591
379 492
379 515
380 576
380 443
380 618
380 931
381 771
381 702
381 527
381 782
381 793
382 892
382 452
382 448
383 683
383 982
383 886
383 800
383 586
383 481
383 697
383 998
384 775
384 519
384 438
384 758
384 804
385 771
385 467
385 802
385 486
385 403
385 763
385 436
385 699
385 697
386 785
386 631
386 553
386 759
386 839
386 402
387 525
387 922
387 756
387 808
388 576
388 962
388 851
388 577
389 944
389 914
389 945
389 632
390 949
390 873
390 437
391 552
391 442
391 608
391 934
391 426
391 803
391 896
392 427
392 812
392 454
392 565
392 580
392 608
393 482
393 827
394 949
394 405
394 580
394 654
394 880
395 517
395 633
395 731
395 431
395 560
395 467
395 468
396 996
397 584
397 687
397 510
397 559
397 664
397 999
398 484
398 743
398 972
398 490
398 979
399 988
399 681
399 556
399 663
399 581
400 572
400 665
400 534
400 603
400 403
401 422
401 553
401 522
401 734
401 435
402 869
402 616
402 557
402 669
402 673
402 971
402 759
402 702
403 641
403 490
403 574
403 505
403 608
403 707
403 633
403 706
404 925
404 721
404 969
404 697
405 937
405 890
406 690
406 946
406 681
406 878
406 445
406 931
406 932
406 648
407 732
407 611
408 857
408 498
408 506
408 603
408 749
409 674
409 683
409 742
410 947
410 826
410 914
410 570
411 746
411 898
411 899
411 509
411 483
411 815
412 580
412 712
412 641
412 881
413 424
413 620
413 475
414 490
414 649
414 604
414 765
414 847
414 589
414 427
414 601
415 761
415 609
415 424
415 688
415 567
416 584
416 596
417 843
418 739
418 831
418 745
419 753
419 827
419 654
419 840
419 544
419 590
419 631
419 724
419 565
419 940
420 544
420 796
421 652
421 620
422 770
422 544
422 843
422 607
422 706
422 726
423 670
423 560
423 440
424 618
425 505
425 463
425 963
425 954
425 634
425 467
425 721
425 960
426 503
426 817
426 511
426 489
426 455
426 432
427 542
427 810
427 729
427 748
428 614
428 732
428 738
428 596
428 714
428 952
428 736
429 673
429 725
429 723
429 944
430 772
430 432
430 571
430 469
431 795
431 539
431 965
431 831
431 717
431 863
432 501
432 648
432 914
433 885
433 830
433 518
433 746
433 901
433 454
433 942
434 687
434 800
434 704
435 986
435 646
435 617
435 539
436 711
436 795
436 621
436 697
437 701
437 673
437 696
437 768
438 743
438 762
438 720
438 535
438 678
438 922
438 914
438 694
438 526
439 934
439 603
439 604
439 491
439 557
439 502
439 897
440 804
440 516
440 975
440 642
441 444
441 463
441 544
442 460
442 484
442 795
442 574
442 869
442 637
443 487
443 490
443 927
443 816
444 937
444 913
444 520
444 773
445 589
445 530
445 576
445 676
446 547
446 713
446 685
447 918
447 864
447 981
447 673
448 672
448 607
448 832
448 835
448 792
448 634
449 668
449 866
449 675
450 516
450 845
450 891
450 580
450 843
451 740
451 769
451 805
451 867
451 535
451 505
451 971
452 733
453 692
453 904
453 985
453 914
453 518
454 888
454 773
454 598
454 981
455 925
455 477
455 999
455 496
455 827
455 802
455 877
456 749
456 715
457 706
457 714
457 737
457 969
457 834
458 793
458 461
458 922
458 809
458 945
459 644
459 560
459 547
459 935
459 634
460 900
460 787
460 679
460 804
460 660
460 616
461 774
461 960
461 697
462 642
462 709
462 751
462 557
462 732
462 605
462 494
462 969
463 845
463 593
463 762
464 874
464 956
464 634
464 502
464 610
465 802
465 595
465 555
465 603
465 993
465 542
465 539
466 929
466 620
466 517
466 612
468 471
468 577
468 802
469 470
469 792
469 584
469 611
469 577
470 880
470 477
470 823
471 725
471 840
471 598
471 799
471 770
471 740
472 794
472 591
472 939
472 689
472 528
473 891
473 967
473 872
474 941
474 987
474 516
474 905
474 702
475 829
476 586
476 891
476 956
476 913
476 616
477 691
477 582
477 877
477 905
477 682
478 489
478 821
478 995
478 684
478 586
478 878
479 861
479 935
479 897
479 516
479 486
479 908
479 975
480 899
481 713
481 922
481 951
481 742
482 682
482 608
482 757
482 614
482 870
482 841
482 586
483 515
483 573
484 549
485 528
485 573
485 714
485 901
486 957
486 857
486 720
486 627
486 762
487 773
487 581
488 947
488 972
488 603
488 842
489 497
489 717
489 965
490 530
490 637
490 696
490 868
491 667
491 733
491 688
492 558
492 910
492 621
492 960
493 628
493 723
494 854
494 721
494 582
495 905
495 606
495 820
496 848
496 629
496 542
497 531
497 767
498 793
498 646
498 879
498 706
498 766
499 603
499 549
500 904
501 929
501 989
502 518
502 762
502 575
502 723
502 673
502 950
503 629
503 868
504 964
504 898
504 853
505 604
505 736
505 733
505 749
505 933
506 520
506 615
507 585
507 822
507 637
507 826
508 916
508 573
508 604
508 517
508 929
509 653
509 632
509 516
509 932
510 772
510 888
510 802
510 655
510 780
510 877
511 942
511 902
511 806
512 887
513 656
513 715
513 923
513 523
513 519
513 809
514 886
514 814
514 786
514 596
515 955
515 573
515 691
515 912
515 893
515 941
516 664
516 539
516 957
517 557
517 638
517 952
518 628
518 901
518 732
518 795
518 568
519 587
519 660
519 842
519 577
519 546
520 946
520 657
521 569
521 686
521 946
521 941
521 705
522 543
522 942
522 927
522 591
523 814
523 908
524 698
524 712
524 601
524 919
524 963
524 925
524 630
525 921
525 618
525 658
525 686
525 563
526 826
526 753
526 845
526 573
526 981
527 590
527 613
527 897
527 582
528 881
528 677
529 789
529 685
529 722
529 933
529 824
530 850
530 613
531 994
531 654
532 949
532 759
532 784
532 597
532 956
532 813
533 815
533 888
533 870
533 581
534 839
534 563
534 783
534 720
534 944
534 641
535 691
535 693
535 759
536 951
536 673
537 558
537 785
537 545
537 624
538 818
538 742
538 942
538 727
539 729
539 736
540 635
540 698
540 657
541 674
541 915
541 696
541 664
541 964
541 745
542 736
542 855
542 543
542 783
542 751
542 967
543 566
543 914
543 636
544 920
544 824
544 910
544 555
545 877
545 718
545 639
545 715
545 992
546 613
546 896
546 985
547 676
547 660
548 737
548 701
548 601
548 629
548 963
549 651
549 863
549 766
550 757
550 774
550 801
551 903
551 559
551 901
552 963
552 851
552 577
552 768
552 661
552 791
553 945
553 799
553 819
553 900
554 881
554 981
554 648
555 800
555 975
555 969
555 817
555 756
555 938
556 605
556 599
557 781
558 617
558 945
558 774
558 590
559 734
559 650
559 763
560 906
560 568
560 962
561 749
561 998
561 584
561 859
561 950
561 832
562 670
562 898
563 834
563 790
563 800
563 592
563 627
563 982
564 617
564 681
564 806
564 932
564 788
564 707
565 985
565 760
565 658
565 670
565 924
565 767
565 629
566 927
566 747
566 795
567 724
567 609
567 701
567 901
567 748
568 797
568 661
568 868
569 607
570 707
570 626
571 714
571 884
572 942
572 990
573 776
573 750
573 591
573 982
573 666
574 933
574 971
574 695
574 903
575 779
575 633
575 702
576 751
577 593
578 639
578 928
578 864
579 744
579 694
579 858
579 911
579 681
579 760
580 961
581 772
581 869
581 611
582 588
582 788
582 805
582 637
583 706
583 770
583 683
583 604
584 700
584 883
584 698
584 867
584 893
585 600
585 982
585 619
585 696
585 650
585 889
586 937
587 888
588 813
588 957
588 688
589 662
589 797
589 615
589 621
589 922
589 951
590 643
591 704
591 609
591 603
592 981
592 865
592 958
593 610
593 786
593 697
595 615
596 739
596 804
597 755
597 1000
597 969
597 944
598 800
598 663
600 842
601 719
602 758
602 779
602 998
602 931
603 623
603 619
603 804
603 973
603 938
604 745
604 676
604 746
604 982
605 649
605 691
606 746
607 665
607 705
607 769
607 758
608 679
608 721
608 986
608 862
609 825
609 910
609 634
610 811
610 711
610 979
611 866
611 842
612 989
612 815
612 893
613 986
613 617
613 636
613 726
613 763
614 870
614 858
615 970
616 923
616 866
616 841
616 975
617 740
617 974
618 756
618 772
619 715
619 998
620 990
620 701
621 782
621 908
621 742
622 670
622 948
622 942
622 956
623 805
623 677
623 683
623 956
623 895
624 928
624 888
625 666
625 838
625 640
625 854
625 670
625 876
626 830
626 715
626 851
627 931
627 967
627 878
628 645
628 832
628 731
629 898
629 934
629 966
630 863
630 655
631 655
632 868
632 869
632 808
632 817
632 945
633 684
633 787
634 658
634 759
634 883
635 855
635 882
636 961
636 923
636 849
637 823
637 653
638 640
638 654
638 905
638 807
638 918
638 933
638 836
639 879
639 935
640 782
640 908
640 711
641 993
641 689
641 861
641 774
641 744
642 822
643 853
644 799
644 953
644 967
644 997
644 895
645 894
645 794
645 881
645 793
646 778
646 696
646 847
646 652
646 855
647 838
647 936
647 984
647 766
647 875
648 885
648 789
648 806
648 719
648 788
649 731
649 845
649 951
650 722
650 867
650 657
651 824
651 985
651 910
651 886
651 782
651 654
651 915
652 889
652 888
653 744
653 870
654 993
654 804
654 933
655 909
655 773
655 968
655 775
655 840
655 757
655 774
655 801
655 867
655 945
656 779
657 882
657 751
657 818
657 715
658 784
658 744
658 722
658 871
659 893
659 706
659 752
660 765
660 736
660 969
660 860
660 883
661 894
661 788
662 926
663 792
663 846
663 834
664 913
664 920
664 852
665 726
666 743
666 951
666 857
666 885
666 934
667 841
667 765
668 926
668 771
669 946
669 977
669 921
670 766
670 926
670 704
671 871
672 942
672 967
672 783
673 778
673 703
673 910
675 975
675 963
676 790
676 879
677 967
678 689
678 697
678 688
678 763
679 920
679 901
679 962
680 713
680 942
681 891
681 952
682 907
682 894
683 800
684 891
684 741
685 727
686 809
686 694
686 721
686 714
687 878
688 978
688 709
688 857
688 923
688 977
689 694
689 882
689 924
689 872
689 934
689 772
690 822
690 864
690 792
690 881
691 964
693 943
693 754
695 969
696 948
696 770
697 805
697 996
697 948
697 875
697 731
698 841
698 862
699 928
699 965
699 811
699 961
700 734
702 752
702 832
703 891
703 839
703 944
704 754
704 883
704 835
704 817
705 728
705 830
705 906
705 979
705 734
706 917
706 961
707 737
708 908
708 997
708 1000
708 819
708 797
709 970
709 712
709 865
710 806
710 792
710 844
711 916
711 936
712 910
712 721
712 878
713 953
714 720
714 879
716 951
717 971
717 897
718 723
718 773
718 779
718 903
719 755
721 912
721 994
721 890
722 924
722 813
723 831
723 952
723 844
724 867
725 911
725 823
725 968
725 796
725 731
726 903
726 979
726 785
727 953
727 785
727 825
727 854
728 952
728 844
729 974
729 801
729 849
730 858
731 902
731 949
732 911
733 961
735 961
735 956
736 807
736 954
736 984
736 822
737 753
738 802
738 976
738 809
738 891
739 826
739 862
739 748
740 976
740 866
740 771
740 750
741 770
741 828
741 817
741 788
741 854
741 816
742 983
743 819
743 758
743 806
744 870
745 762
745 894
746 902
746 920
747 912
747 1000
748 967
748 873
748 855
749 837
750 987
751 842
753 896
754 786
754 882
755 882
755 896
755 804
756 815
756 968
758 849
758 830
758 920
759 990
759 939
760 862
762 816
763 979
765 972
766 876
766 957
766 940
766 1000
767 866
767 795
769 858
769 940
769 987
770 812
771 988
771 944
771 925
771 995
772 952
773 928
773 966
774 893
774 910
774 826
775 860
775 820
775 852
776 922
776 852
777 786
777 992
778 956
779 879
780 871
781 900
782 793
783 853
784 959
786 797
787 998
787 827
788 991
788 934
788 789
789 881
789 922
789 818
789 841
790 862
791 899
791 989
792 989
792 875
794 890
794 948
795 816
797 812
797 930
798 836
798 964
799 904
800 888
801 868
801 824
802 936
803 837
803 921
805 913
805 995
806 945
806 967
806 874
807 871
809 863
809 976
810 914
810 822
810 885
811 949
811 896
811 991
813 919
813 990
813 819
813 870
814 929
815 825
816 948
816 820
817 879
818 975
819 931
819 944
821 941
823 853
825 902
825 884
825 929
827 855
827 899
828 852
828 833
828 989
828 905
828 903
829 985
829 944
830 933
830 864
830 958
831 931
832 984
832 902
833 965
833 974
835 843
835 895
836 856
838 982
839 862
840 907
840 987
842 859
844 865
844 963
845 930
845 936
846 958
847 905
848 872
849 974
850 880
850 851
851 852
851 920
854 864
856 929
856 913
857 965
857 909
858 926
858 955
859 899
859 908
860 916
860 913
861 945
861 997
862 911
863 977
863 960
863 896
865 965
866 911
867 904
870 940
870 896
873 972
873 910
873 926
875 920
875 945
876 930
877 990
878 895
878 994
880 882
880 897
881 929
881 894
881 927
883 957
884 988
886 914
888 950
892 966
892 969
893 943
894 972
894 908
897 978
898 994
900 942
901 974
902 999
902 951
904 924
907 921
908 914
909 979
911 993
912 975
914 965
915 929
917 980
918 993
918 975
918 955
919 929
932 973
936 977
936 982
942 951
947 970
948 994
948 961
949 981
958 971
964 989
966 997
971 998
971 997
973 977
980 994
984 992
987 994
995 998
