100 422
1 60
1 89
1 42
1 56
1 72
1 18
1 48
1 53
1 100
1 61
1 85
1 5
2 66
2 28
2 43
2 40
2 89
2 37
2 56
2 32
3 48
3 29
3 85
3 63
3 55
3 42
4 47
4 71
4 15
4 19
4 9
4 97
5 8
5 84
5 33
5 37
5 25
6 83
6 42
6 94
6 75
6 81
6 48
6 68
6 21
6 45
6 47
6 79
6 7
7 32
7 58
7 48
8 80
8 29
8 68
8 47
8 90
9 30
9 17
9 18
9 60
9 10
10 78
10 54
10 79
10 42
10 23
10 73
10 29
10 98
10 32
11 91
11 43
11 82
11 89
11 64
11 94
11 79
11 25
11 27
11 17
12 86
12 48
12 16
12 30
12 32
12 54
12 64
12 87
13 42
13 61
13 97
13 23
13 66
13 47
13 43
13 82
14 15
14 23
14 91
14 99
15 49
15 86
15 63
15 32
15 70
15 18
15 95
15 96
16 31
16 96
16 51
16 55
16 25
16 33
16 70
17 97
17 38
17 90
17 31
17 77
17 53
17 96
17 72
18 55
18 79
18 73
18 19
18 67
18 64
18 63
19 82
19 87
19 23
19 47
19 39
19 33
20 75
20 32
20 58
20 28
20 51
20 22
21 33
21 67
21 61
21 53
21 58
21 55
21 74
22 28
22 80
22 78
22 55
22 74
23 40
23 42
23 91
23 53
23 38
23 41
24 64
24 65
24 38
24 57
24 53
24 28
25 38
25 99
25 48
25 100
25 52
26 89
26 62
26 92
26 73
26 41
26 64
26 44
26 27
27 77
27 76
27 49
27 37
27 87
27 92
28 66
28 32
28 35
28 51
29 51
29 39
29 31
30 84
30 76
31 92
31 38
31 48
31 70
31 88
31 86
31 83
32 36
32 59
32 64
33 52
33 93
33 98
33 55
33 67
33 35
34 46
34 69
34 56
34 80
34 78
34 37
35 87
35 81
35 60
35 69
35 49
35 76
36 98
36 64
36 95
36 42
36 68
37 90
37 77
37 62
37 100
38 41
38 76
38 40
39 70
39 92
39 49
39 79
39 68
39 89
40 64
40 79
40 63
41 68
41 88
41 60
41 62
41 43
42 54
42 80
42 81
42 82
42 79
42 88
42 87
43 66
43 58
43 72
43 91
44 99
44 98
44 60
45 69
45 82
45 94
45 95
45 97
46 96
46 87
46 98
46 90
46 63
46 62
46 70
47 81
47 87
47 75
47 58
47 59
48 53
48 65
48 55
49 58
49 99
49 52
49 76
50 59
50 93
50 92
50 99
50 84
50 51
50 80
50 63
51 100
51 88
51 61
51 75
51 80
51 99
51 62
52 76
52 71
52 53
52 74
52 70
53 75
53 74
53 72
53 64
53 79
53 80
53 88
54 95
54 55
54 71
55 61
55 81
56 100
56 91
56 73
57 73
57 68
57 94
57 58
57 96
57 60
57 59
58 99
59 97
59 93
60 93
60 88
60 71
60 98
60 66
60 63
61 69
61 76
61 85
62 72
63 65
63 85
63 66
64 94
64 80
64 83
65 86
65 71
65 95
65 85
65 66
66 100
66 74
66 92
67 88
67 94
67 95
68 82
68 74
68 83
68 93
69 83
69 84
69 88
69 87
70 72
70 85
70 80
70 72
71 78
71 90
71 88
72 86
72 88
72 74
73 95
73 74
73 82
73 97
73 78
74 90
74 78
75 88
75 98
75 90
76 93
77 88
78 89
78 99
79 86
79 87
79 90
79 80
80 89
80 87
81 82
83 88
83 100
83 89
83 93
83 84
84 99
85 94
85 88
85 100
85 89
87 91
87 90
87 96
87 88
88 90
89 90
90 96
91 96
91 97
92 95
92 93
94 96
96 99
97 98
