100 5000
68 25 15
11 10 1
54 13 12
65 91 20
20 8 16
74 58 18
66 60 8
39 62 10
26 53 3
49 78 15
98 22 9
75 8 16
16 91 14
20 60 10
56 14 6
94 45 1
77 44 11
13 65 13
17 82 1
79 86 19
31 39 5
22 26 4
90 95 9
91 52 12
49 98 13
92 18 14
52 50 6
1 66 4
72 49 13
99 94 18
97 14 10
77 39 15
4 45 2
10 13 3
20 56 13
63 38 9
74 5 5
59 68 19
99 89 4
81 63 19
2 22 10
36 79 4
54 96 19
53 45 14
36 30 5
12 24 12
18 62 10
93 77 3
0 5 17
10 48 19
39 51 18
7 0 7
39 5 5
88 32 1
0 24 12
61 12 18
17 84 4
14 58 3
39 70 6
58 8 12
69 90 18
3 12 9
62 60 18
48 93 19
73 69 14
52 21 10
73 11 7
24 87 5
2 23 4
34 47 20
70 91 2
1 29 18
45 38 9
77 63 17
16 17 8
52 45 14
41 95 16
84 51 16
55 48 3
80 76 19
67 29 14
56 60 8
13 99 7
15 73 19
41 67 18
55 35 11
74 92 5
10 46 5
21 4 14
89 66 20
93 35 19
97 77 19
58 78 15
38 16 3
43 5 7
86 77 14
80 88 1
63 61 12
24 95 4
88 51 8
16 38 13
83 73 18
64 62 17
33 22 6
9 70 12
44 36 7
7 31 11
43 36 18
87 19 12
46 33 12
84 18 20
43 30 7
7 42 6
45 27 16
80 89 5
5 18 14
11 63 5
33 95 8
14 96 7
40 27 15
39 40 10
30 72 16
3 72 11
96 46 20
50 52 10
37 79 16
47 69 7
33 71 19
20 12 15
21 27 1
73 32 18
44 65 3
39 28 18
23 0 2
18 12 7
67 49 12
45 90 14
97 27 5
84 12 7
70 17 18
37 12 20
61 33 8
36 9 11
78 47 14
25 36 4
29 91 5
2 45 7
72 53 10
8 43 16
5 10 15
27 60 5
0 79 6
61 82 3
4 54 16
76 59 9
86 79 15
5 41 10
84 34 5
53 65 6
86 23 17
52 5 14
47 74 14
19 94 5
63 1 13
55 8 2
17 80 5
48 6 11
29 62 2
83 81 8
12 0 12
1 94 10
34 20 18
49 91 19
92 59 11
53 62 11
43 96 14
64 81 17
76 8 13
94 71 11
70 16 13
3 70 6
28 83 1
18 46 7
82 8 17
24 21 4
36 1 13
59 84 9
83 94 3
74 68 2
98 67 5
49 96 19
20 0 1
22 55 5
47 90 10
66 47 13
32 76 9
23 58 11
53 82 14
7 60 5
41 32 3
32 65 19
98 55 9
51 21 5
4 38 11
72 60 20
31 77 18
60 38 9
82 26 15
63 79 1
92 16 8
21 52 13
9 53 13
72 62 5
68 0 1
55 89 18
41 33 13
35 27 8
88 0 1
9 23 2
68 64 10
35 48 13
7 47 17
50 44 5
26 70 11
30 42 19
28 14 15
9 54 9
97 0 8
83 55 9
67 86 16
42 9 14
84 89 17
71 49 8
90 63 10
90 87 20
83 42 7
49 86 2
78 51 3
65 3 9
75 27 7
13 50 16
71 22 6
85 58 14
57 52 7
81 2 1
12 15 15
92 75 3
12 67 6
47 14 13
81 68 2
16 65 1
57 82 14
84 11 15
80 6 14
83 96 6
25 67 20
87 99 17
38 95 16
15 24 11
46 77 5
13 68 9
4 77 1
82 23 14
42 70 6
40 15 9
63 55 9
96 45 2
94 13 6
73 45 12
10 14 20
50 32 7
85 21 16
99 28 1
13 34 20
61 47 3
92 41 13
90 79 5
19 96 9
34 65 6
81 24 9
28 36 7
38 35 11
53 99 19
86 71 17
30 24 8
41 73 17
58 76 7
71 6 8
90 91 6
55 76 3
41 13 9
35 24 10
1 27 9
30 46 6
86 72 1
7 41 1
15 56 14
70 68 19
97 10 20
68 86 10
11 29 3
99 53 18
18 24 5
53 14 20
8 26 2
84 3 14
85 80 1
37 10 11
88 45 8
32 87 8
72 1 11
43 84 2
8 87 13
9 78 14
30 5 1
24 12 1
19 93 13
90 0 4
6 60 19
34 64 19
42 10 9
28 54 8
80 45 3
27 7 12
55 3 8
10 15 9
5 35 19
15 65 18
51 40 8
81 8 7
31 60 13
73 27 9
90 47 14
20 35 9
9 64 4
90 59 3
14 55 11
27 8 9
50 41 13
22 49 6
76 67 16
79 78 20
93 9 15
67 42 8
20 17 15
94 70 18
36 59 20
54 60 19
91 42 9
84 78 16
89 7 13
60 36 18
95 14 17
64 11 7
3 92 17
45 15 20
17 45 15
43 10 15
21 25 7
54 56 11
38 23 20
61 0 4
75 61 15
35 58 12
38 32 6
57 2 1
93 19 20
52 79 13
31 4 13
45 88 3
51 50 16
21 20 6
26 76 9
13 31 17
44 13 15
90 81 19
56 17 1
85 49 1
76 19 20
12 34 6
43 22 18
11 66 12
52 32 4
7 19 20
90 18 19
58 21 10
5 7 16
23 57 1
51 39 10
32 50 3
42 14 1
7 11 9
68 35 13
40 96 3
27 13 8
92 60 12
7 96 11
12 1 6
64 27 18
64 31 10
12 64 13
29 59 12
37 2 16
90 66 6
74 21 20
77 2 15
72 40 16
42 59 17
36 21 15
95 63 20
35 41 9
98 88 4
49 3 10
85 83 2
16 73 11
37 48 5
67 23 11
18 35 6
25 60 8
66 53 17
99 75 11
11 2 8
52 75 3
1 36 11
48 36 8
13 67 16
3 0 9
30 45 17
12 50 16
67 31 9
93 79 4
50 70 10
66 49 18
66 87 10
85 14 14
58 19 20
79 38 4
53 18 4
22 81 14
49 79 13
54 30 9
23 65 10
76 28 4
16 51 15
51 95 12
97 94 16
73 30 15
27 4 3
83 91 16
77 56 11
95 39 9
50 87 11
92 53 6
51 0 10
73 24 20
6 39 8
89 43 10
25 48 2
67 82 3
7 57 2
93 91 8
16 0 6
25 32 4
54 20 17
65 16 5
22 35 14
31 89 15
2 34 12
84 28 10
63 14 8
98 70 5
6 79 9
56 70 4
4 16 17
28 49 6
20 93 1
17 88 10
76 69 18
51 12 16
12 72 13
99 49 5
87 90 16
72 58 11
80 90 4
63 60 6
38 98 9
22 14 17
44 59 9
87 56 1
86 70 10
68 38 13
42 68 18
19 82 13
12 27 1
92 80 8
75 31 16
9 89 12
82 71 1
72 11 4
83 76 7
95 93 4
14 15 18
93 84 18
73 75 12
84 17 10
55 39 1
81 93 3
87 94 19
95 6 8
42 57 6
56 47 16
75 55 16
9 66 14
26 91 1
1 71 13
65 17 16
21 76 3
89 50 7
73 78 17
88 1 18
67 74 4
4 94 15
87 54 2
95 66 1
23 8 16
85 98 15
59 63 12
7 76 13
86 32 2
41 35 8
67 16 19
62 91 1
34 24 14
53 20 14
63 35 1
44 71 8
8 30 2
3 69 15
13 5 20
26 39 3
99 22 8
42 16 12
36 38 8
41 36 4
5 3 8
38 46 11
41 56 7
23 56 13
69 1 9
44 47 14
12 99 3
4 63 20
70 83 8
0 45 4
43 81 2
93 83 9
71 41 17
64 56 12
96 89 4
95 17 7
66 28 12
1 8 13
90 1 8
74 1 14
67 9 8
93 94 14
35 78 6
99 90 5
72 89 14
8 75 5
22 57 14
69 21 15
9 86 3
49 37 15
70 40 8
60 74 11
49 5 8
52 43 3
17 9 8
92 37 3
10 39 3
9 81 9
94 0 2
61 42 4
8 27 8
1 64 9
95 68 15
90 32 15
12 44 9
1 79 12
7 97 2
63 33 14
26 31 3
70 94 11
65 70 10
52 12 13
48 19 5
57 66 4
52 73 8
75 7 19
65 34 3
16 15 15
68 10 14
2 93 4
5 62 1
90 64 16
62 61 10
70 67 15
85 45 14
83 59 20
10 70 10
55 18 4
87 83 20
6 65 20
8 66 9
99 54 4
80 24 12
67 90 19
16 19 13
41 23 11
24 85 9
3 30 7
60 39 9
92 1 9
88 30 3
5 55 20
44 55 8
9 18 3
57 41 3
46 87 1
29 65 10
30 59 8
64 41 2
38 88 19
96 43 2
94 96 4
19 13 13
51 7 15
12 4 13
28 95 16
59 41 15
5 66 3
10 35 16
13 71 2
86 16 13
61 67 9
51 49 11
19 59 15
91 15 18
67 48 18
19 3 8
53 97 9
47 26 19
19 36 16
48 83 13
41 53 7
79 81 15
12 89 5
58 50 16
89 56 13
20 45 6
22 93 15
74 25 14
64 88 4
38 91 4
16 97 5
42 28 5
29 15 18
57 32 8
80 44 7
87 38 20
34 5 15
81 9 9
46 18 3
4 92 10
45 36 12
34 91 19
93 73 16
45 22 11
75 32 18
4 56 11
74 57 7
92 70 9
37 31 20
54 16 2
2 13 14
92 21 17
19 81 18
84 14 3
13 4 19
22 75 2
77 28 9
79 84 16
40 74 4
30 31 6
33 8 4
22 95 7
91 21 14
23 26 14
97 84 6
29 28 15
48 15 20
42 11 16
68 21 11
88 74 15
40 57 9
9 29 14
86 20 2
80 35 2
54 4 18
29 49 16
41 42 16
64 6 5
24 99 6
73 64 1
24 11 8
70 42 19
21 88 9
38 60 12
47 6 19
52 81 5
83 63 18
5 46 1
97 71 12
39 73 16
75 4 13
18 97 7
34 21 12
48 28 13
28 33 15
81 37 10
97 92 8
47 38 13
14 72 7
99 21 17
89 73 17
71 70 19
26 54 13
58 11 5
44 99 6
77 96 17
56 2 3
15 71 1
35 15 11
62 43 9
55 24 2
99 72 5
65 41 13
55 84 9
35 29 7
87 75 7
45 21 3
45 80 13
6 71 13
4 51 10
23 2 19
64 0 6
15 77 19
74 7 10
27 83 17
63 81 3
41 86 11
67 72 19
63 89 19
18 28 14
54 62 9
94 6 7
88 5 7
1 49 3
80 14 13
8 74 13
3 90 8
9 98 16
52 60 10
15 95 17
83 92 9
76 2 16
94 20 7
90 73 6
20 62 15
17 44 15
37 66 12
74 59 18
68 47 20
67 89 19
76 77 20
32 85 12
19 20 18
29 84 9
6 40 10
69 55 3
51 38 6
33 30 18
48 18 15
16 7 20
46 3 12
87 68 1
46 66 3
38 94 10
82 25 6
75 47 19
91 71 4
51 35 11
37 29 14
4 26 7
98 75 13
48 56 8
71 90 1
76 90 19
91 82 18
96 41 12
85 81 1
0 11 11
60 55 6
25 56 18
82 17 1
28 19 12
30 13 2
9 87 17
62 29 19
52 85 4
2 65 20
94 35 17
32 45 11
42 80 10
26 87 20
49 11 7
45 9 4
64 54 6
83 72 3
84 60 13
88 22 13
19 46 5
76 61 15
98 33 12
35 76 19
20 9 10
50 33 13
48 50 7
21 11 2
29 23 16
17 77 9
4 10 4
34 58 20
50 82 14
16 75 9
68 8 13
68 45 20
75 40 10
88 56 12
82 0 6
91 81 11
76 42 3
17 37 4
53 29 8
71 3 19
43 41 8
71 82 1
20 55 3
77 72 14
71 52 9
11 94 13
62 3 11
56 48 15
92 82 15
79 97 18
93 87 11
21 68 10
63 99 15
18 94 7
10 62 6
88 8 3
17 69 18
67 41 15
19 24 1
48 43 4
6 85 14
76 40 18
88 20 17
48 73 2
96 49 13
42 38 7
79 98 14
1 86 3
8 88 12
84 99 15
47 30 9
58 95 9
96 27 3
4 52 11
14 7 20
44 38 7
61 70 20
3 73 16
48 23 9
30 69 4
84 47 9
27 17 16
17 40 16
23 68 5
38 50 10
73 3 8
65 58 11
86 30 11
90 46 8
35 33 1
98 69 2
14 95 7
95 87 15
79 8 2
77 46 7
90 28 7
53 73 14
35 28 6
24 84 4
82 13 6
21 82 16
26 50 9
58 10 6
29 40 8
62 36 20
95 85 13
5 37 19
18 41 18
83 9 1
63 74 9
47 25 2
16 93 19
49 29 2
7 26 15
5 23 3
9 27 11
22 64 20
50 91 8
77 92 15
74 40 9
60 64 16
76 89 20
94 79 15
82 51 9
87 22 15
1 13 8
54 81 3
84 65 19
75 1 15
28 47 10
35 90 5
29 94 13
98 48 12
71 1 4
2 55 6
52 84 10
16 30 7
51 1 11
64 77 11
62 80 16
63 22 15
50 95 13
76 18 20
53 61 2
92 61 9
76 55 6
49 80 12
80 15 11
9 28 14
43 25 14
29 0 7
14 5 18
22 99 3
55 94 20
35 93 13
71 72 12
87 69 16
99 12 1
53 17 14
54 52 18
57 44 7
56 72 4
36 50 2
66 86 3
78 6 18
46 55 17
39 26 16
6 25 11
65 28 11
88 53 6
4 80 7
68 93 17
2 82 12
11 39 16
78 64 5
4 91 11
71 48 8
81 80 1
36 49 4
61 76 1
72 9 19
82 40 6
78 87 13
64 96 6
75 72 1
99 77 7
32 94 7
20 34 2
14 76 10
97 79 16
42 79 12
97 61 19
8 82 16
30 50 2
10 28 10
7 23 20
66 36 18
96 23 20
59 11 11
94 18 20
9 14 16
4 49 3
39 60 18
55 74 11
24 35 10
0 46 9
22 83 13
20 32 18
14 88 16
55 15 5
94 62 7
12 8 9
94 39 9
49 71 8
47 83 5
65 97 4
46 90 15
27 85 13
61 13 10
24 67 8
44 4 19
68 87 8
79 23 13
17 93 20
13 28 7
99 48 12
72 29 17
57 54 17
50 61 1
60 34 17
51 86 18
99 16 4
13 51 20
82 43 13
11 61 7
49 58 13
67 1 17
56 30 1
46 92 5
41 46 9
41 60 15
69 65 16
81 84 17
31 94 12
18 55 15
54 87 16
89 65 20
15 9 17
39 61 9
40 83 7
35 45 14
50 58 17
93 58 17
18 19 2
96 51 5
2 10 17
33 79 2
70 35 17
39 80 20
14 73 4
79 36 17
62 31 14
41 84 8
68 95 19
57 95 6
16 87 15
62 94 20
25 51 1
40 70 17
72 65 14
29 51 9
98 62 10
78 65 12
29 50 14
65 20 16
66 64 12
10 72 17
82 48 4
85 63 17
51 47 5
20 27 12
62 75 11
32 46 16
58 90 2
61 80 3
35 65 2
44 0 13
50 6 10
93 67 8
89 8 19
58 51 9
15 96 19
90 92 2
37 95 9
74 12 4
61 91 11
47 28 3
79 80 14
95 82 20
55 96 13
71 28 10
96 8 2
56 62 9
40 1 8
88 96 12
0 10 4
15 70 3
43 0 20
93 4 14
68 69 20
42 76 5
16 4 16
39 77 4
3 24 11
30 43 20
22 24 1
39 36 2
46 2 3
89 0 13
27 52 17
0 51 3
27 59 14
72 18 19
10 19 20
80 94 11
31 36 20
15 58 2
65 72 4
18 25 18
80 54 13
3 37 12
81 13 5
9 4 6
89 49 16
21 40 16
19 90 19
31 14 11
73 59 8
80 34 7
45 95 13
70 71 11
82 11 14
42 72 10
91 33 6
99 7 13
5 25 17
38 30 11
28 81 15
20 64 16
35 16 11
81 90 19
35 54 17
50 85 5
45 46 1
13 27 8
46 8 6
73 26 18
12 88 4
6 38 12
65 38 4
95 49 10
47 61 16
80 97 19
1 58 7
73 14 3
82 3 14
5 54 6
53 21 14
30 85 9
99 3 8
55 34 5
75 74 12
32 83 1
21 95 12
95 47 20
12 14 6
51 14 5
78 38 19
98 90 8
91 66 4
76 83 17
32 26 19
0 87 17
90 13 10
26 25 6
10 33 1
12 73 2
0 6 1
77 10 2
55 70 14
31 84 13
8 92 15
9 20 10
63 47 6
90 58 8
25 74 14
84 97 20
13 81 4
36 84 7
99 86 9
18 26 14
65 10 17
26 22 16
57 75 2
72 45 9
88 19 7
26 10 15
34 74 8
48 88 14
37 89 13
89 97 5
33 7 17
55 52 3
39 38 6
0 56 16
59 54 3
10 0 14
28 3 4
49 63 18
84 59 17
39 47 12
66 46 10
89 35 12
9 92 19
20 80 14
69 60 1
43 11 3
25 89 18
42 89 3
88 26 20
37 23 7
90 85 16
74 26 19
20 96 3
5 81 19
25 34 12
79 5 4
62 11 16
30 4 19
59 61 20
50 1 6
65 51 8
3 99 17
67 5 17
24 74 14
48 81 5
7 34 8
92 69 9
50 96 5
34 63 20
50 46 18
94 47 4
92 71 5
26 36 8
54 86 9
60 10 14
24 62 17
26 97 2
33 52 18
87 79 20
72 15 17
55 92 12
67 78 19
12 63 4
94 98 3
2 6 18
36 51 16
5 40 12
12 43 8
28 89 20
29 77 1
42 35 12
44 20 4
51 73 12
38 40 12
42 1 19
1 98 5
42 93 20
92 58 7
30 62 4
25 55 8
33 73 2
8 25 3
40 26 1
65 93 19
98 20 20
3 82 15
92 91 1
76 15 6
48 12 15
75 69 2
85 19 19
9 77 5
58 79 19
22 25 2
32 82 16
54 58 19
11 73 8
18 6 4
8 36 6
31 3 5
82 59 8
69 49 19
81 77 10
10 25 10
13 1 14
7 82 6
68 59 15
91 48 9
2 1 11
46 56 14
84 26 20
50 18 11
89 13 5
11 15 15
29 82 1
86 67 15
18 29 11
94 49 17
46 86 12
34 83 17
67 28 10
21 77 12
77 15 19
88 75 4
39 56 1
45 74 7
31 52 4
23 22 9
98 86 20
44 95 19
3 50 10
25 44 6
12 28 5
64 33 5
68 90 4
89 2 11
33 36 2
63 32 15
9 93 9
94 1 12
60 87 3
92 42 2
74 98 9
2 67 19
35 74 1
50 11 4
60 53 6
24 56 6
85 4 2
36 58 3
87 81 4
3 36 17
88 16 6
5 51 8
39 43 1
17 51 18
78 9 2
44 43 4
76 80 8
41 12 19
67 33 3
86 85 8
27 9 10
78 72 11
47 12 18
17 7 7
12 52 16
61 3 13
59 37 19
55 19 11
28 76 14
2 38 14
3 68 15
42 98 4
72 4 4
72 66 8
4 68 18
26 46 1
57 96 19
21 94 3
32 95 6
30 87 6
48 39 5
68 33 5
56 79 5
20 36 13
96 50 16
64 23 9
99 29 19
27 51 3
39 83 12
77 23 8
82 53 16
19 95 2
65 78 7
86 60 6
24 57 14
87 71 19
14 38 17
6 8 4
54 59 14
33 55 19
36 22 2
94 23 1
82 54 12
63 91 15
54 33 1
40 53 8
4 72 1
17 28 16
40 36 9
1 11 4
57 17 14
54 44 14
36 63 13
38 89 10
21 23 15
3 61 8
85 82 17
29 69 9
83 93 17
39 96 18
63 97 17
70 57 19
72 36 9
9 37 2
58 27 8
81 46 6
78 33 13
45 12 14
72 8 4
63 30 14
44 90 2
39 93 10
88 9 16
16 84 19
67 54 12
18 60 8
4 31 1
44 97 7
65 75 19
48 41 10
44 23 15
34 41 19
89 68 7
65 30 7
48 97 7
3 7 8
90 97 20
27 40 11
59 40 3
52 10 7
56 54 19
54 80 6
95 46 15
56 34 8
82 2 3
99 71 5
74 71 13
30 60 13
76 10 10
98 92 14
32 75 5
53 7 16
5 94 4
58 59 1
92 2 1
22 32 7
84 9 14
92 74 11
32 84 6
28 90 2
52 22 19
63 94 19
95 67 8
24 32 9
71 57 19
52 47 4
43 56 2
46 27 3
78 74 1
77 68 11
53 90 10
38 99 12
67 88 12
84 94 6
86 41 3
58 91 10
89 19 8
51 81 1
93 41 10
43 63 6
57 56 14
4 11 9
96 97 2
90 99 1
0 19 3
4 71 16
48 2 2
51 59 20
14 70 3
70 31 5
65 54 19
87 49 16
54 92 9
15 83 15
55 98 8
25 95 3
32 6 3
72 68 13
42 4 11
33 42 14
76 22 3
27 61 4
4 64 7
36 95 2
83 16 6
31 91 13
15 57 3
51 46 17
41 9 9
90 96 15
1 56 15
40 58 18
9 35 6
21 10 6
32 97 6
26 77 18
93 64 3
28 42 18
48 75 19
25 72 8
58 64 10
11 78 14
98 4 13
36 26 20
55 80 13
64 21 13
0 66 16
90 36 10
42 81 11
50 37 3
31 79 13
96 92 14
39 66 1
15 43 4
88 4 20
80 85 13
98 19 15
26 18 2
13 10 19
7 75 1
94 7 10
61 5 4
25 61 6
58 22 15
9 38 1
45 86 10
3 54 1
53 11 14
20 73 8
55 33 19
52 99 13
29 90 13
94 91 13
67 73 14
42 86 14
86 54 1
62 21 13
94 44 19
60 48 10
59 70 12
32 58 16
42 25 5
14 52 11
49 93 19
33 28 7
47 77 18
18 15 5
47 19 10
75 79 16
6 82 8
96 1 12
11 16 13
11 59 19
44 61 18
62 96 12
91 8 3
24 7 10
76 74 20
90 6 7
22 94 8
78 24 5
34 69 19
65 98 14
33 49 7
15 99 15
8 28 2
27 73 12
29 38 1
73 49 14
66 17 18
80 39 19
88 52 15
61 39 4
1 83 18
64 83 19
14 77 9
9 13 16
37 62 17
68 96 8
38 51 4
11 26 4
32 39 15
63 95 10
7 9 4
40 62 6
43 6 20
37 75 11
99 56 16
42 54 5
32 2 9
41 43 15
80 77 1
84 72 15
81 42 1
81 0 5
60 63 20
96 88 2
58 3 16
34 10 20
16 63 4
59 73 20
30 88 9
66 55 7
17 75 18
20 46 2
88 80 12
74 93 14
57 1 12
21 29 5
67 92 6
6 59 8
66 15 17
56 82 8
51 75 1
3 60 4
73 5 2
99 83 5
46 51 12
31 78 1
6 70 7
66 77 9
7 46 11
27 91 6
98 85 1
46 44 15
68 78 15
15 87 18
66 48 2
27 74 14
84 31 18
15 81 11
60 54 10
10 21 19
43 94 7
62 39 17
77 65 6
84 7 20
59 56 3
81 22 4
93 27 16
80 29 19
34 76 7
9 90 12
50 88 3
96 95 19
46 32 20
66 82 2
13 9 20
52 4 17
8 96 17
31 72 20
84 2 11
74 82 14
97 64 18
66 61 11
74 37 8
89 94 12
11 27 9
66 29 16
65 11 6
9 97 15
19 52 17
40 35 19
74 91 7
63 80 9
79 34 13
46 54 12
32 67 8
98 27 10
26 21 2
5 38 13
44 16 3
40 3 19
69 26 17
90 7 10
48 42 8
83 29 6
34 80 15
55 79 16
98 36 19
19 78 3
59 29 17
17 61 18
32 96 16
61 93 18
16 21 19
14 8 1
56 37 12
70 76 13
96 62 8
63 41 5
98 83 2
70 14 17
44 31 3
13 29 7
63 85 3
29 32 15
23 12 8
49 41 13
31 6 9
83 40 10
6 86 17
5 74 15
78 25 8
86 35 17
89 39 17
41 82 16
21 64 20
4 47 5
1 50 8
71 60 9
18 93 1
41 92 15
39 72 16
27 98 8
31 20 19
39 34 5
75 88 17
12 98 16
44 7 5
67 47 20
75 23 2
56 41 16
1 21 19
81 85 3
89 4 14
93 80 7
66 51 3
45 39 2
3 31 5
78 39 14
20 71 14
16 89 14
6 61 16
11 21 5
45 18 16
69 52 6
39 10 17
22 39 12
69 87 2
75 46 9
93 39 5
5 4 20
27 88 2
97 82 17
47 23 11
43 89 12
34 25 1
5 34 15
78 59 4
57 72 17
31 28 19
72 10 4
90 38 8
70 80 12
44 88 15
8 32 9
68 61 13
68 48 13
93 52 18
73 54 20
67 45 4
17 39 4
89 85 20
4 78 16
28 37 13
30 97 20
21 49 13
33 84 18
41 3 5
8 53 3
39 15 19
62 55 6
77 5 12
81 12 8
21 43 9
24 66 1
68 43 11
2 26 13
79 16 1
83 82 7
41 21 3
98 13 1
36 44 7
92 3 9
1 10 3
42 60 9
73 7 16
3 2 10
50 22 20
22 7 2
47 89 7
79 31 18
75 30 19
16 69 7
8 1 10
36 5 5
98 99 4
68 62 12
81 20 16
82 14 17
90 37 12
91 46 19
91 11 6
85 42 15
39 6 3
41 70 9
59 12 10
10 49 4
81 79 6
20 92 14
27 93 12
59 90 15
63 29 19
33 96 18
2 92 11
18 4 2
38 12 15
26 62 1
37 51 11
27 0 19
10 95 10
19 66 9
67 96 13
98 21 14
21 12 5
27 75 6
94 73 12
64 48 8
99 98 1
47 27 17
48 38 10
49 32 19
22 48 8
48 17 2
30 19 8
70 34 7
52 6 12
43 44 13
46 35 9
96 71 4
31 50 20
83 8 8
87 76 5
59 69 12
43 37 1
28 48 6
35 40 8
83 97 12
62 2 9
32 4 7
4 66 17
76 25 5
92 97 8
14 23 1
32 99 2
51 9 18
75 54 15
37 11 6
42 26 8
72 56 12
83 5 12
60 29 14
64 79 2
2 74 2
72 91 18
79 22 9
58 62 4
87 0 3
16 6 9
73 79 15
62 93 16
77 80 5
35 73 18
53 54 16
77 51 11
94 17 7
62 41 3
64 9 12
91 0 8
20 65 6
38 71 12
53 75 17
86 59 17
59 31 2
70 37 10
24 54 1
60 82 13
61 41 15
9 1 17
79 12 9
97 44 11
70 27 15
85 7 20
48 86 18
18 85 18
5 28 2
70 25 5
79 75 5
36 42 5
51 41 18
72 25 20
37 78 2
83 10 7
99 65 11
33 11 1
13 70 1
0 37 6
32 41 16
47 50 4
58 98 2
54 22 3
11 89 13
37 39 12
84 83 9
48 58 11
19 69 13
50 89 2
33 43 11
42 84 2
54 67 12
40 10 1
53 26 4
7 95 14
33 61 13
15 18 12
97 90 12
71 42 11
23 63 9
67 71 7
63 2 6
13 95 14
77 11 14
25 76 1
83 21 9
51 88 14
57 77 1
76 58 1
97 96 3
62 27 7
76 62 3
77 35 17
21 9 6
7 91 5
94 40 20
80 13 16
96 36 8
20 47 13
50 29 14
81 45 2
18 81 16
62 42 8
41 94 7
19 38 19
41 69 7
70 48 13
23 40 18
22 98 19
24 80 10
75 70 2
81 97 9
39 13 13
54 77 19
57 12 2
78 60 4
29 98 1
81 29 3
63 76 14
38 17 6
82 19 13
24 19 5
97 5 1
55 71 17
40 90 2
63 90 13
46 50 1
53 36 9
77 40 4
40 4 2
55 31 15
47 66 17
62 26 3
30 27 16
93 30 18
0 1 3
26 85 16
25 40 8
92 35 13
25 23 13
45 24 8
93 72 6
27 5 9
41 61 9
29 26 7
54 66 10
91 78 4
31 22 3
51 52 6
23 79 4
62 35 6
8 51 16
19 65 11
54 8 9
86 94 2
23 6 12
92 89 7
36 97 7
26 95 16
78 37 6
8 16 17
82 52 13
45 40 1
64 78 10
38 56 14
89 84 12
11 32 9
0 72 20
55 10 15
7 2 2
89 1 9
35 38 10
11 35 2
71 39 3
20 74 5
73 8 14
63 11 3
5 95 1
1 74 8
50 8 16
61 94 20
91 54 3
77 53 7
91 99 16
81 96 17
72 46 16
2 18 19
22 16 6
61 10 12
64 63 10
74 32 9
76 82 12
48 3 12
62 66 10
99 43 10
20 97 10
15 21 8
40 55 14
88 54 8
21 78 14
92 51 19
0 7 5
33 78 13
59 39 9
99 93 5
22 4 18
13 38 9
44 27 13
5 30 11
33 59 20
13 55 14
8 85 18
96 28 8
2 24 18
38 10 19
50 68 12
53 47 3
58 68 8
93 76 6
41 5 6
90 94 20
47 18 17
68 56 3
77 0 5
78 26 11
60 86 16
25 35 3
16 32 4
53 19 8
70 32 8
81 21 20
84 63 17
43 27 7
26 60 15
66 1 17
72 74 11
51 34 7
22 88 16
55 65 19
15 6 16
84 46 9
27 48 4
85 36 13
46 81 6
14 92 16
0 23 7
61 54 7
82 39 20
33 2 17
20 53 15
24 46 7
89 88 1
4 12 2
27 87 16
97 69 12
91 24 3
73 67 20
91 89 2
81 50 4
44 84 11
62 10 19
20 99 19
17 26 17
62 73 3
39 30 13
96 79 19
51 68 11
26 3 9
33 94 1
85 6 12
8 97 20
34 42 10
99 55 16
69 99 16
6 63 12
36 24 11
21 75 19
95 59 18
25 13 9
67 52 19
18 50 19
62 30 6
13 57 5
68 19 14
87 18 3
81 5 2
58 65 3
68 55 7
20 70 1
58 5 10
48 7 16
11 1 18
27 22 12
78 43 20
71 86 7
86 33 20
37 61 7
88 65 15
83 33 4
5 72 13
84 43 18
34 39 9
61 87 20
84 27 3
70 43 19
22 78 8
4 69 14
55 90 14
97 15 10
59 15 2
13 56 12
45 57 11
2 84 17
49 39 4
16 71 19
28 24 2
98 57 1
85 1 18
85 77 3
12 20 20
58 86 18
65 88 1
43 73 16
89 80 11
81 65 5
8 15 16
51 56 5
34 36 10
73 80 11
62 33 8
83 58 16
37 6 17
63 64 5
14 93 9
77 83 9
73 94 3
78 86 14
62 8 3
29 30 9
55 88 1
92 68 20
29 61 12
99 36 9
71 67 9
36 45 13
97 3 10
42 73 9
29 8 4
99 66 15
87 5 5
56 19 20
69 73 12
76 88 19
22 50 14
30 89 12
42 69 9
55 97 5
94 33 3
89 58 19
91 61 2
17 43 3
50 13 12
48 57 2
44 62 12
42 41 7
68 31 10
9 50 7
20 28 13
22 54 2
52 34 11
9 69 15
62 18 2
86 47 16
80 52 17
26 82 2
96 94 3
24 15 1
10 1 20
13 91 17
13 97 18
13 26 4
67 15 8
20 94 12
96 73 12
7 78 7
9 0 18
54 99 4
64 25 15
53 91 3
37 67 8
37 98 6
40 77 20
39 97 3
14 64 3
61 40 4
34 16 6
15 64 7
9 32 13
91 23 2
61 65 8
31 8 2
31 7 14
12 19 19
82 73 13
44 11 19
39 46 4
36 64 14
55 51 10
93 95 13
88 92 12
94 77 4
35 50 6
98 72 4
41 62 4
92 12 20
26 59 1
87 10 5
77 99 17
91 51 19
21 85 6
15 92 18
2 37 2
55 67 9
97 98 19
26 16 19
38 62 15
24 45 18
60 94 8
55 77 9
44 17 10
32 62 3
11 4 5
44 75 1
86 38 13
92 29 17
94 2 3
77 24 13
85 67 17
71 76 11
84 20 18
86 87 14
2 83 19
98 26 2
98 23 20
64 90 12
84 19 13
75 84 19
89 37 3
17 90 19
90 70 7
49 73 17
72 80 12
35 94 20
41 14 11
39 71 17
10 6 14
74 61 1
8 33 13
17 96 14
54 23 9
21 61 8
83 57 9
17 41 7
30 56 20
9 82 12
90 77 18
84 81 11
17 55 6
78 94 9
67 19 12
94 50 20
59 21 6
23 32 8
47 33 2
70 7 18
25 77 6
32 15 3
90 2 17
71 15 5
78 80 18
65 57 7
65 40 13
96 30 7
23 46 1
75 87 18
99 73 10
85 62 11
9 33 8
25 90 15
84 69 9
24 91 16
64 72 10
15 1 13
23 4 14
56 58 1
19 27 2
61 26 9
14 20 11
75 0 12
38 37 12
92 4 3
84 66 15
8 60 5
4 34 14
28 30 5
61 85 2
25 2 1
57 74 3
68 65 10
35 88 8
54 57 10
79 95 3
3 91 3
46 48 19
43 87 16
82 29 4
95 11 19
87 55 4
17 60 20
26 14 11
78 15 15
22 89 13
68 67 9
89 38 2
35 59 4
83 66 9
46 17 8
19 51 17
99 4 6
74 36 2
72 83 4
22 29 3
94 64 10
19 17 8
37 45 11
63 83 20
51 22 9
83 43 17
53 32 12
90 15 17
1 84 17
59 85 12
89 22 5
57 80 13
83 69 4
97 24 8
7 20 14
53 85 7
87 57 11
38 28 1
91 84 16
11 8 9
83 25 17
27 44 15
14 89 7
7 69 14
19 42 20
46 13 6
25 63 9
17 12 1
3 88 20
93 44 15
62 5 6
28 86 9
33 37 11
12 23 5
35 87 2
3 97 17
4 61 19
13 62 7
1 68 11
92 22 17
12 70 13
50 80 7
99 11 10
90 57 4
70 23 9
92 43 7
33 47 2
65 76 17
25 83 7
79 2 10
20 87 9
9 73 4
19 34 3
93 18 16
20 4 15
94 51 18
97 4 1
49 77 17
11 43 10
40 69 17
84 29 20
26 58 18
88 93 19
44 92 3
34 17 20
20 85 4
17 89 6
48 46 14
13 74 16
84 21 16
72 88 20
26 98 5
7 3 16
2 98 5
7 44 16
30 33 16
36 34 1
75 60 16
80 59 14
91 10 7
35 68 4
60 43 20
14 68 7
20 75 16
73 52 12
23 90 9
97 11 3
56 66 9
91 13 2
50 90 5
92 62 15
40 88 20
56 25 15
11 7 2
30 1 12
25 52 16
45 4 3
0 2 11
66 81 17
92 44 4
58 87 18
15 84 7
15 93 17
46 88 11
21 79 11
3 42 17
56 45 18
54 85 5
43 69 16
79 41 8
49 31 2
67 81 1
71 14 7
0 93 9
79 28 8
53 70 10
79 21 6
62 58 9
69 27 12
7 73 7
8 70 17
95 74 4
34 54 16
63 62 4
4 30 12
9 36 4
25 73 13
22 5 6
44 25 4
91 1 12
6 58 9
18 63 7
42 8 12
77 85 17
83 34 11
62 0 8
25 68 4
29 79 11
31 43 15
61 18 8
65 53 18
38 47 12
49 25 8
62 59 17
36 82 7
5 77 4
48 31 2
60 47 9
58 96 13
74 24 7
32 22 1
56 55 3
97 47 12
76 85 2
30 12 13
40 72 6
45 16 19
18 48 2
19 5 4
34 27 17
56 81 1
0 54 14
73 93 12
36 16 8
85 64 5
7 15 10
66 24 18
22 90 10
57 5 12
6 0 14
1 37 16
72 27 3
49 45 12
74 0 1
34 59 8
92 87 3
80 83 9
14 40 3
58 15 6
84 55 2
57 47 3
56 20 5
16 34 7
31 88 14
53 49 13
23 84 9
71 51 1
6 3 10
61 20 20
41 88 3
43 24 17
25 41 19
53 48 7
43 49 8
66 79 15
64 24 18
1 35 16
95 33 6
27 26 6
33 98 11
52 37 14
10 52 12
61 38 6
38 6 4
1 85 18
71 8 3
78 12 19
8 65 10
38 57 11
96 61 14
11 85 11
3 85 4
15 7 4
70 92 9
62 71 14
13 98 5
69 34 7
26 63 1
0 28 13
51 97 18
13 58 10
11 64 8
48 29 3
91 96 4
76 81 6
16 77 13
94 95 2
12 33 5
60 8 15
34 89 2
94 83 8
83 88 19
56 44 16
28 96 5
99 88 14
14 18 2
25 29 1
62 90 18
41 52 17
6 78 13
95 88 4
81 44 13
81 27 17
6 87 17
42 95 16
61 1 11
18 58 14
83 20 12
59 80 7
68 58 5
13 76 9
85 96 14
61 86 18
90 52 17
49 61 15
19 57 7
28 18 2
39 31 6
15 85 11
88 15 11
32 93 8
42 56 3
26 90 16
99 76 12
75 59 8
93 8 7
74 30 17
12 84 12
29 16 20
56 5 9
78 34 4
91 75 16
4 40 3
23 86 4
28 22 17
44 77 17
4 44 5
97 95 14
90 84 4
58 55 14
10 40 4
51 61 5
34 87 14
7 51 4
4 41 10
24 93 3
80 98 8
67 68 12
11 83 19
34 22 13
0 94 2
23 62 12
70 75 16
6 44 1
45 99 4
74 51 14
16 41 1
69 36 14
32 17 13
48 22 18
52 97 9
37 27 2
23 50 17
19 0 6
56 46 13
72 52 16
99 92 6
92 45 6
19 58 9
67 91 19
97 50 2
66 9 13
6 7 16
16 68 2
22 6 20
87 62 17
36 39 4
24 18 6
97 32 4
60 32 18
37 94 1
73 12 10
0 31 1
87 1 13
15 45 4
90 26 1
40 48 9
42 23 9
65 22 17
33 56 20
8 93 17
32 24 15
22 72 9
1 32 5
92 57 3
47 8 15
21 44 1
61 84 18
75 17 13
85 11 4
60 50 14
77 64 9
78 13 12
5 39 17
26 37 5
75 65 17
18 14 18
88 81 9
68 3 13
40 87 2
37 41 5
47 52 16
85 28 18
62 89 7
61 31 5
36 6 15
3 34 9
83 70 9
48 55 2
7 8 11
40 16 9
88 55 2
40 59 4
45 7 15
15 44 18
74 8 16
94 68 5
16 72 11
71 74 10
0 83 20
41 85 5
60 85 3
86 61 10
1 55 20
34 46 7
88 12 10
32 35 17
0 30 3
83 67 12
59 49 18
34 61 2
88 23 13
34 70 3
71 0 16
23 69 17
6 55 16
40 8 14
24 70 3
96 39 20
59 95 14
30 93 8
13 24 4
25 33 17
15 31 6
69 86 16
26 72 13
1 54 3
10 4 5
97 87 20
49 88 13
26 0 2
22 63 5
52 89 5
84 15 15
6 84 17
46 99 11
50 25 18
89 44 19
46 93 18
28 12 12
72 98 14
12 41 15
69 95 20
60 61 16
94 22 10
61 28 7
4 58 10
89 14 4
76 37 1
84 54 17
86 52 2
13 30 16
1 80 6
75 77 8
59 38 19
66 20 10
49 34 14
63 68 12
95 55 9
36 74 9
51 82 17
14 6 14
11 50 17
64 30 14
1 69 12
66 72 14
20 72 5
61 9 19
95 60 14
85 35 17
4 57 8
4 18 6
34 85 9
36 83 4
37 40 12
75 26 12
48 14 13
55 21 8
8 35 5
96 66 10
48 82 15
42 71 9
77 89 2
6 19 11
80 27 16
44 64 17
66 88 16
57 38 16
35 14 16
85 9 17
8 98 11
47 46 7
65 55 15
4 86 15
86 57 13
34 53 2
50 56 1
34 66 6
50 78 20
74 41 7
93 70 19
2 58 5
52 65 18
35 77 18
59 8 9
32 8 11
73 55 16
26 74 11
79 67 17
10 37 6
76 34 17
37 7 20
25 53 3
34 29 8
55 23 14
54 73 7
94 76 16
71 46 10
82 35 6
84 91 4
42 64 3
20 14 9
82 34 15
58 26 17
11 12 19
0 26 13
99 52 1
29 24 19
93 68 13
76 86 5
91 4 18
11 24 15
16 50 20
93 20 7
20 22 16
37 8 7
4 48 6
12 9 11
97 78 20
5 70 2
82 92 11
99 62 19
2 85 2
21 91 13
11 96 5
1 48 10
66 85 16
10 64 14
28 64 16
76 75 20
59 25 5
32 79 12
49 53 18
99 79 10
72 57 20
43 4 2
25 47 5
65 64 2
67 13 17
87 16 5
38 49 20
70 59 3
69 3 18
57 93 12
43 91 3
49 19 11
63 21 3
7 12 15
14 99 20
63 15 19
17 85 9
75 92 11
71 95 12
60 52 1
13 17 15
31 58 12
96 42 4
97 57 20
65 7 8
21 39 17
73 47 13
38 15 16
97 2 7
25 20 18
81 86 19
87 91 14
72 38 17
12 46 5
79 88 13
17 31 16
0 36 6
23 29 2
99 30 1
67 25 18
76 26 15
6 26 14
29 52 20
18 82 1
66 23 16
15 49 4
1 51 10
60 84 4
16 76 18
22 8 2
75 33 17
4 97 12
97 53 11
64 60 2
58 29 16
26 75 1
59 1 12
28 68 4
98 49 11
92 38 17
17 95 18
94 63 13
19 83 17
22 20 9
14 61 14
88 99 3
56 88 7
25 78 14
11 49 6
66 84 18
2 8 15
37 55 14
13 60 14
62 54 20
58 13 11
30 83 15
24 86 18
34 14 12
82 83 14
45 67 17
6 90 5
18 95 8
53 81 10
51 84 9
36 11 14
20 6 15
27 38 12
49 56 1
52 63 19
76 54 7
93 40 5
4 5 12
27 45 16
11 5 8
26 38 7
45 37 15
11 52 5
46 29 6
82 60 18
48 65 4
7 17 20
31 41 10
29 19 9
54 0 8
71 30 17
65 89 10
76 49 7
50 57 10
20 31 9
76 41 4
57 88 15
68 16 13
41 93 10
23 34 10
8 7 11
9 47 4
47 76 6
67 34 3
5 83 20
95 23 15
36 10 3
27 32 6
53 83 14
81 39 4
52 42 4
9 46 9
60 27 5
98 82 4
54 31 17
51 8 1
15 78 20
63 19 7
52 91 15
87 12 19
91 57 6
70 30 14
10 7 10
51 63 16
20 82 16
99 38 19
47 49 14
60 19 2
95 4 19
12 21 10
89 64 10
95 31 19
4 87 20
80 31 16
70 0 6
19 56 18
91 29 18
93 12 15
19 39 14
10 29 9
71 64 11
3 76 5
30 41 2
48 64 8
89 87 20
0 43 1
16 54 11
74 16 17
57 58 7
53 16 17
13 94 6
26 43 5
84 82 7
64 22 17
43 9 4
96 82 8
87 60 20
88 98 11
33 1 10
63 20 17
74 11 8
52 25 20
42 33 1
59 9 1
5 0 16
79 46 19
48 49 11
70 50 17
52 24 18
46 58 12
26 89 17
71 40 4
27 67 5
54 64 13
57 94 3
81 83 9
55 64 16
8 77 3
94 29 2
21 69 13
56 22 19
76 14 14
63 54 11
78 96 7
67 43 1
1 63 18
26 42 12
61 43 11
64 68 8
17 71 5
20 58 19
18 34 10
38 52 18
37 13 17
26 1 16
99 23 11
55 41 6
13 85 4
51 30 11
24 52 7
24 75 2
39 85 18
52 57 2
0 38 1
63 88 10
38 20 5
50 81 13
82 7 1
16 81 18
24 16 11
40 97 3
50 76 8
79 99 7
27 82 2
64 10 4
30 79 17
65 52 8
15 54 20
56 69 14
87 66 13
44 57 19
50 4 7
58 85 7
57 49 6
29 4 9
83 11 3
41 22 14
70 93 15
87 97 5
60 1 4
87 8 14
21 65 9
39 21 9
78 52 3
40 79 17
33 62 20
20 79 11
35 61 18
10 41 5
16 28 11
78 46 19
53 39 2
64 58 14
78 21 10
23 5 12
20 52 4
54 7 9
29 37 2
12 87 11
78 35 7
45 81 6
79 54 4
47 70 5
68 80 16
93 26 10
33 51 1
83 87 6
28 38 7
88 62 20
18 51 1
71 31 7
31 32 3
33 9 6
41 91 1
44 9 17
65 47 3
79 7 1
4 67 17
98 81 15
84 67 10
41 30 9
18 70 10
8 62 15
97 46 6
69 75 3
28 69 4
91 31 11
71 4 16
91 83 2
33 92 17
64 1 6
39 78 19
11 33 7
18 74 18
24 92 6
13 54 14
86 53 6
96 9 5
32 61 4
26 9 7
8 40 19
57 40 5
21 5 5
57 4 9
97 67 6
39 53 3
74 77 17
52 13 1
54 63 15
79 63 6
65 4 2
27 33 20
25 27 1
87 42 6
30 64 17
29 71 6
10 94 14
81 57 14
17 16 1
33 63 3
68 42 10
79 44 20
65 69 5
53 24 13
30 17 2
4 6 10
32 49 19
64 76 1
57 92 13
77 21 17
11 76 17
60 93 11
80 51 15
84 25 6
40 52 18
43 99 16
73 86 13
46 68 12
45 62 11
16 44 14
86 1 19
3 81 19
40 50 14
93 11 14
49 26 4
61 6 13
19 33 11
31 71 11
11 48 4
50 69 5
28 70 17
74 83 10
56 94 13
6 76 11
71 83 3
58 45 9
39 84 20
7 71 19
59 47 4
24 2 7
98 73 6
78 14 12
93 7 11
80 95 7
24 79 8
73 1 5
7 70 16
63 49 14
77 50 12
95 3 16
85 10 17
50 28 16
99 70 20
71 45 12
57 64 10
13 39 16
96 77 15
67 94 5
8 84 19
90 45 17
10 31 15
75 82 3
54 21 17
18 68 6
92 31 16
75 50 11
66 14 16
53 89 6
75 20 20
37 38 9
43 47 11
87 15 8
81 6 17
0 32 13
46 9 11
92 52 11
37 18 19
77 58 13
89 90 19
66 89 11
95 54 16
57 20 12
61 96 9
2 72 19
30 95 5
75 28 7
71 63 10
3 40 1
58 17 15
16 14 9
30 74 16
30 44 4
28 23 7
64 95 2
56 49 9
72 61 17
94 88 18
28 87 1
91 30 7
60 3 9
20 51 12
45 83 20
83 56 14
47 62 2
87 96 4
77 88 19
86 25 13
22 34 15
31 85 8
18 22 5
20 59 13
9 40 5
43 77 5
25 43 4
59 77 15
8 49 10
11 95 10
42 21 14
10 23 6
58 33 17
2 0 6
34 28 8
86 44 4
46 19 18
67 55 7
95 10 6
86 15 5
68 5 7
98 16 2
34 67 4
87 59 12
38 80 6
43 75 1
69 94 17
3 44 2
98 1 14
20 3 6
3 58 19
80 11 8
12 13 20
17 54 16
78 99 9
51 53 15
31 66 19
97 56 18
16 85 8
50 30 7
0 92 18
99 47 7
55 4 19
56 78 10
50 14 2
3 16 18
39 86 7
36 76 16
61 34 16
88 76 5
54 3 19
88 48 10
13 78 19
36 87 11
77 19 17
65 60 8
89 70 16
46 91 9
0 62 11
90 86 19
25 94 19
83 26 20
72 92 8
99 17 6
24 41 18
49 35 20
67 24 13
29 57 6
38 13 18
83 22 4
48 72 3
91 85 12
55 86 4
97 18 9
72 54 15
85 76 4
91 9 8
28 44 15
7 22 20
22 97 3
71 23 3
89 75 6
85 87 13
72 87 9
67 8 7
35 63 6
73 60 19
14 97 13
32 54 18
24 44 14
17 14 7
64 42 6
68 44 8
32 53 8
48 89 14
4 70 20
56 99 4
87 21 10
20 5 19
42 74 9
51 16 11
73 58 15
92 85 16
79 77 19
69 23 17
30 98 2
92 6 17
88 7 10
12 40 16
45 79 4
53 56 18
41 19 12
53 69 7
0 70 5
58 48 10
19 11 3
4 20 11
56 0 14
19 75 16
52 87 1
95 98 5
77 3 8
65 6 9
24 65 11
57 48 5
31 13 12
23 41 11
31 1 4
25 7 20
13 92 20
15 3 3
55 68 10
23 53 6
88 46 10
60 75 17
59 83 15
69 46 20
24 17 1
19 48 1
82 86 2
12 22 12
23 28 20
47 42 9
39 79 20
15 36 17
18 79 15
97 19 1
43 52 11
27 39 11
26 66 15
29 99 7
86 45 19
32 68 3
66 25 6
6 22 5
93 74 2
68 9 11
59 10 19
92 30 15
72 24 18
10 78 20
95 0 15
80 78 9
97 38 20
38 92 17
68 66 1
35 3 1
20 39 12
44 74 6
63 18 19
12 7 3
27 90 6
61 79 3
83 2 6
6 48 19
3 23 17
41 34 14
74 29 9
75 71 11
92 84 3
0 74 20
43 51 4
5 20 18
11 46 20
38 36 1
97 75 14
75 39 14
63 0 12
60 95 7
7 27 7
50 49 7
42 27 10
74 48 1
64 14 19
32 12 5
55 45 3
21 53 2
77 34 5
34 3 16
68 71 8
41 66 1
85 13 16
90 54 5
79 6 11
66 98 7
45 94 7
58 34 16
69 56 8
73 39 20
8 38 6
60 14 14
16 27 13
55 91 19
29 6 13
35 67 15
62 1 9
89 46 18
7 83 1
7 36 1
88 17 17
9 79 9
8 11 11
38 64 7
3 27 6
22 68 1
62 82 11
71 25 14
83 24 5
62 45 17
8 14 5
19 18 11
15 14 16
22 67 8
49 94 16
57 81 10
36 96 1
38 66 8
69 57 19
10 54 15
46 20 20
0 41 16
8 34 12
66 90 6
53 96 4
75 96 7
78 70 18
82 75 8
26 4 11
57 78 10
82 20 12
23 67 9
95 51 18
84 73 20
85 57 4
32 36 19
35 9 7
47 55 15
14 34 9
60 51 4
8 63 8
66 8 12
95 40 2
89 59 13
66 38 8
38 39 3
44 56 18
45 92 18
82 90 9
24 71 1
6 74 20
76 33 8
61 63 17
57 29 9
6 29 4
49 68 8
66 30 18
23 27 12
3 74 10
28 34 17
65 33 19
75 5 14
70 41 18
10 60 11
48 84 9
39 74 7
14 4 4
10 79 11
59 67 13
78 2 17
79 4 1
93 78 2
99 69 16
75 34 8
81 26 5
37 19 11
99 9 1
12 62 7
38 2 16
15 2 9
99 35 1
11 84 18
35 43 1
72 16 17
80 64 15
71 66 7
3 22 9
21 73 6
42 62 19
50 84 16
90 30 11
76 87 8
78 10 2
2 33 4
35 18 1
69 10 10
45 82 10
44 54 17
71 89 15
14 53 9
31 56 1
54 71 9
84 61 15
88 79 3
78 56 19
38 61 1
54 18 16
36 52 13
5 48 13
86 42 17
26 57 7
71 99 19
73 85 2
58 47 14
51 54 6
64 36 9
87 27 13
71 38 10
0 64 20
32 20 2
1 26 5
26 15 20
54 95 4
77 59 9
57 0 2
45 8 3
29 47 14
51 36 7
41 98 9
1 88 11
30 0 11
28 82 11
18 42 19
83 28 14
98 11 16
75 45 10
92 15 11
25 3 6
43 2 4
57 59 4
97 30 3
69 88 8
44 89 15
53 51 17
91 26 13
73 13 18
0 73 12
87 78 1
10 11 8
73 66 11
94 57 12
21 3 7
55 60 4
15 97 5
91 32 13
77 94 5
51 79 6
66 75 20
36 23 14
22 41 15
49 7 13
34 90 20
74 90 18
69 77 19
91 14 9
32 98 18
24 13 18
85 43 4
82 61 11
6 34 19
61 81 18
1 89 20
66 21 13
5 87 15
94 69 13
20 49 6
28 52 12
80 66 1
1 57 17
65 25 17
47 22 11
33 68 16
27 84 3
75 22 7
17 27 20
17 86 14
12 18 19
13 23 7
51 20 5
77 12 3
81 38 20
24 28 13
78 40 1
75 13 10
88 77 8
25 80 16
15 74 17
95 22 6
98 96 5
98 53 10
97 88 20
14 69 1
8 81 7
67 70 16
28 62 8
15 61 15
45 43 7
94 75 11
26 11 1
91 36 4
51 13 7
50 20 12
27 72 20
39 75 20
96 72 6
19 43 14
79 49 17
48 33 9
27 20 8
75 76 4
3 26 8
76 53 3
16 39 15
55 82 13
1 33 1
12 49 11
94 82 19
99 64 12
56 97 14
0 57 1
71 59 1
31 25 6
82 84 10
40 2 16
3 98 19
8 57 6
65 56 18
33 81 11
58 80 11
6 17 20
33 70 5
19 54 19
34 68 10
72 64 11
27 92 5
42 43 5
94 21 3
87 29 14
73 63 13
50 3 4
69 16 13
12 60 18
72 6 2
39 89 13
79 53 7
51 11 16
72 93 4
97 73 17
14 35 17
7 1 14
79 65 2
94 43 9
99 34 11
47 73 9
35 8 4
29 44 2
28 71 18
98 14 20
41 20 13
44 52 1
15 67 11
56 77 9
61 97 12
85 12 6
80 26 16
70 96 3
97 9 9
23 48 3
18 96 19
90 69 1
49 97 11
46 37 9
53 84 10
83 52 9
89 83 9
35 25 14
7 88 5
36 35 6
69 79 5
95 24 18
76 38 9
95 69 7
13 72 14
88 63 18
9 52 19
54 51 1
67 18 17
60 21 17
79 94 18
64 29 12
30 86 16
56 90 8
88 29 11
86 75 12
0 14 9
0 18 20
30 48 14
89 24 2
22 46 12
44 21 20
80 25 3
45 96 2
80 37 15
79 29 9
50 21 2
14 37 13
2 42 16
57 91 11
51 80 6
46 34 5
50 79 19
32 28 3
21 71 8
8 73 20
97 80 4
13 44 17
80 93 12
72 55 11
73 51 1
39 17 4
42 24 14
33 83 17
70 63 15
58 18 11
6 49 1
10 45 18
34 37 6
17 3 15
50 40 12
78 95 20
33 5 16
16 98 7
96 24 14
48 45 15
80 10 16
14 13 11
11 93 13
14 45 3
79 17 10
88 14 4
83 3 16
19 60 19
13 77 11
81 36 2
13 20 18
38 87 7
72 51 17
29 7 18
75 41 3
88 84 7
69 13 16
3 71 3
3 14 6
91 58 8
54 29 14
43 17 6
6 28 2
79 15 10
69 8 7
33 10 4
99 78 10
8 99 8
28 51 16
54 98 1
57 42 1
85 18 12
64 3 7
35 31 9
48 37 12
31 64 5
70 18 7
60 81 16
39 24 16
33 16 6
12 57 7
41 50 5
40 13 13
52 1 14
91 59 18
91 3 13
41 44 15
69 5 10
52 17 1
6 23 3
63 77 17
4 88 1
79 70 1
2 68 17
73 2 19
91 22 6
23 13 15
10 77 9
31 98 2
10 65 10
79 61 2
78 90 2
81 16 20
27 34 9
40 21 3
45 13 18
40 18 10
22 66 8
27 68 20
29 60 14
21 92 13
55 29 13
30 40 4
86 62 5
7 4 20
53 72 19
63 75 8
64 87 13
61 16 14
8 5 11
38 86 10
54 82 14
87 92 14
49 81 19
24 77 18
37 46 20
62 74 12
23 20 8
44 6 9
30 3 7
70 1 3
18 77 1
2 15 16
36 56 5
38 22 15
61 27 1
36 68 15
46 59 14
58 70 12
98 28 9
62 22 18
63 26 19
97 54 15
87 86 9
16 2 12
91 5 12
2 64 1
62 79 3
30 91 17
23 15 5
20 91 9
76 95 15
25 58 9
25 9 7
67 44 9
87 93 13
80 5 9
90 42 15
7 85 4
28 40 19
23 89 11
47 51 1
53 38 3
48 70 19
96 14 18
50 24 16
70 4 17
36 46 14
88 82 10
65 48 17
52 18 19
10 50 8
56 67 9
4 62 11
52 19 4
0 15 20
80 53 4
7 28 20
52 0 9
52 67 18
68 7 9
47 68 14
12 81 12
55 81 12
30 84 14
36 88 16
58 60 9
52 35 9
69 12 9
58 56 2
85 34 12
91 12 15
67 97 2
73 23 20
36 43 6
42 29 14
5 24 4
34 81 7
67 95 18
50 86 7
80 81 5
99 44 16
40 30 17
17 87 4
19 44 11
47 32 5
76 52 13
13 89 14
31 42 11
86 98 8
23 39 3
6 54 1
30 73 3
30 78 5
10 74 4
46 16 1
51 76 20
6 43 5
76 50 16
53 1 18
83 62 2
89 27 20
21 17 16
5 12 4
47 87 4
9 3 7
40 41 4
6 27 13
47 21 8
39 49 3
39 91 11
18 54 3
2 79 7
78 53 4
51 24 1
19 92 9
93 69 13
47 65 14
71 77 13
56 35 8
94 93 9
75 15 3
87 17 15
52 55 16
41 79 14
0 80 16
20 50 1
28 35 5
59 99 5
37 49 9
80 33 15
82 56 2
3 80 13
34 82 14
41 59 14
33 50 12
98 18 4
13 63 19
61 95 18
77 70 9
8 10 19
59 60 6
33 35 2
0 63 19
37 60 2
63 16 9
48 80 11
81 58 2
23 76 13
66 50 17
57 86 20
96 64 20
74 84 15
82 81 5
22 31 20
89 31 18
19 21 13
20 42 14
95 99 18
39 54 1
82 22 7
35 99 16
85 40 5
44 79 3
29 43 16
85 39 17
73 17 8
32 34 2
29 10 13
27 3 8
10 56 20
90 4 19
77 93 11
11 54 8
44 85 19
18 27 3
13 73 8
48 78 16
70 89 19
77 8 5
90 27 6
94 5 2
21 59 20
19 35 2
25 45 15
28 26 11
4 84 3
70 46 2
47 2 9
10 99 8
31 63 8
82 32 7
6 5 7
68 63 10
64 12 16
21 38 1
98 7 1
19 87 3
26 13 1
23 47 14
50 10 19
65 15 12
31 97 20
2 62 1
76 46 14
68 15 15
67 77 2
15 69 11
94 36 8
51 65 4
4 25 13
16 43 4
77 49 15
31 40 19
95 73 12
90 31 8
63 66 5
16 10 14
18 7 13
30 53 9
34 8 18
7 18 17
47 39 2
85 46 11
70 95 5
91 69 4
1 61 18
19 97 5
26 80 11
25 66 19
36 72 9
43 35 4
87 52 20
52 9 9
77 42 15
78 55 14
63 51 10
68 32 1
45 76 20
82 4 12
80 2 20
85 44 13
49 62 6
0 76 18
77 25 11
73 4 7
47 57 9
92 93 2
27 71 3
36 20 1
83 99 3
90 5 5
9 2 6
4 2 19
50 99 3
49 23 6
64 89 19
85 78 16
70 21 5
86 28 10
99 40 18
47 72 13
54 38 16
56 89 18
12 75 12
0 89 14
5 2 20
24 82 7
76 16 14
14 78 15
38 74 8
93 43 20
72 34 13
51 15 3
32 40 15
99 1 16
17 59 3
13 2 2
79 13 18
60 7 13
20 19 17
2 88 18
69 89 6
42 48 12
7 55 2
74 31 2
46 45 1
23 85 7
85 2 3
31 55 3
78 58 8
86 5 20
90 24 8
54 37 16
55 53 11
49 38 14
32 70 11
53 5 6
28 10 20
47 48 9
11 92 13
68 17 15
5 82 8
73 46 5
74 85 6
29 85 14
16 3 5
84 24 12
27 16 18
18 13 4
86 12 2
31 29 6
89 33 16
89 53 3
81 28 20
19 37 17
81 48 10
76 93 19
83 48 7
7 50 3
86 4 11
3 41 19
94 85 4
7 53 17
66 83 6
0 85 17
77 98 8
16 52 17
71 94 15
40 80 5
88 70 5
65 84 11
0 47 11
18 76 18
35 20 9
40 78 8
97 37 13
34 7 19
30 81 9
61 15 4
28 1 1
62 69 12
45 68 14
96 68 8
72 99 18
41 4 12
98 60 9
62 78 13
14 51 10
66 19 6
23 30 1
16 67 12
34 12 17
7 99 14
17 97 3
51 94 3
6 1 5
23 55 13
10 42 16
82 72 8
28 45 10
10 20 2
14 3 7
97 31 9
9 62 1
80 73 1
41 47 7
73 15 12
0 55 3
94 46 19
28 4 3
33 67 15
30 18 18
25 59 4
25 10 19
7 30 5
78 22 15
96 0 4
79 14 9
23 77 5
74 42 11
20 68 5
83 13 4
34 32 13
58 28 14
97 45 14
74 73 15
58 24 2
87 80 10
29 17 4
43 55 16
60 78 13
2 44 13
61 74 5
85 71 17
49 4 13
92 73 3
53 31 11
59 51 20
95 97 9
53 78 15
58 46 19
31 54 5
24 98 14
24 76 3
10 73 9
85 51 16
23 25 19
79 74 1
68 75 19
47 92 19
29 92 8
95 70 9
22 91 14
96 63 11
1 45 1
4 24 10
38 9 17
98 56 8
92 7 1
58 74 4
78 3 17
46 31 4
71 68 10
33 48 5
21 56 16
54 50 10
77 45 12
15 29 17
48 62 16
42 99 7
13 43 13
73 0 4
83 89 1
14 44 1
15 27 3
34 62 14
63 52 6
75 11 8
21 33 3
54 94 15
74 94 13
94 10 8
59 35 20
76 27 11
13 93 17
31 49 15
77 22 18
2 43 5
3 59 18
93 22 11
9 91 17
23 93 9
94 56 16
15 8 10
8 90 11
36 81 5
59 97 17
43 83 3
53 44 16
27 55 7
90 9 4
3 84 11
23 9 10
23 80 4
36 12 11
4 76 17
38 27 2
89 16 11
16 42 9
11 37 19
93 34 15
4 89 4
65 14 6
92 48 17
87 72 17
27 49 7
11 19 7
31 73 11
52 8 14
7 89 17
15 50 13
61 60 9
68 72 9
10 9 4
9 88 4
15 91 12
57 10 5
89 67 2
44 12 7
56 95 18
42 39 10
21 30 12
75 95 11
79 51 17
58 63 12
81 11 3
33 20 6
80 12 4
35 82 4
92 81 2
80 75 9
42 88 5
61 7 20
59 65 20
37 63 1
66 0 13
18 90 8
1 39 14
39 32 19
52 28 3
68 53 5
56 96 17
21 99 5
10 26 13
21 8 11
29 64 20
82 63 9
25 84 8
27 62 14
23 72 2
85 97 9
98 54 8
35 1 5
45 97 15
56 6 15
27 21 2
4 90 18
84 23 12
26 69 10
88 95 6
45 93 5
66 41 9
1 93 18
43 48 14
84 79 5
84 58 8
90 49 13
7 90 7
61 29 10
40 42 2
51 74 13
51 17 9
45 3 2
45 48 8
50 59 10
83 44 5
44 39 13
24 58 7
41 80 13
47 43 4
71 21 10
63 12 8
50 51 3
9 39 18
25 26 13
19 7 16
72 70 9
0 27 7
55 9 20
65 27 20
59 62 20
1 38 16
69 54 3
5 98 19
42 13 17
37 53 8
38 48 19
57 25 20
81 67 9
60 66 13
89 98 3
89 92 18
33 27 6
90 53 20
12 48 2
54 70 18
53 67 12
99 41 6
62 95 5
35 55 7
17 98 11
7 38 1
64 5 10
18 37 16
34 49 15
20 98 1
48 63 4
47 41 4
45 35 7
79 66 13
65 13 2
35 42 20
93 82 6
22 74 13
87 2 17
68 60 19
21 0 8
42 6 9
48 85 16
16 22 6
59 81 11
95 16 16
13 36 16
48 87 20
47 10 17
85 48 12
66 11 12
38 41 1
25 21 6
52 61 5
29 78 14
61 37 7
72 35 11
27 18 6
13 8 11
84 87 7
57 3 16
24 96 8
34 9 1
58 37 6
21 7 12
22 1 15
57 15 20
37 24 3
5 13 2
28 27 10
87 28 3
69 80 4
37 43 15
66 76 20
85 92 8
51 71 13
35 56 12
59 82 14
48 51 17
15 17 6
74 89 17
39 29 20
29 21 1
43 38 6
38 25 4
6 95 4
7 25 15
9 12 20
99 97 13
73 20 4
98 46 19
5 27 13
5 90 20
29 56 12
23 18 19
86 14 4
15 51 6
13 14 20
63 92 4
69 76 17
68 37 15
8 46 13
8 18 20
81 1 15
79 62 13
10 32 10
86 2 14
78 68 15
5 8 5
12 35 16
96 34 12
63 8 18
88 43 1
36 98 5
26 67 15
70 56 20
60 35 16
87 9 9
52 70 9
88 73 20
30 21 19
21 97 15
62 20 7
8 86 19
32 19 3
14 10 18
17 2 3
68 22 13
17 38 7
81 54 18
66 54 1
71 2 2
1 67 20
32 23 3
2 75 1
21 18 9
87 51 12
21 13 3
6 15 15
54 2 3
1 46 19
51 55 2
46 52 20
99 20 15
4 15 9
65 1 13
96 4 19
48 24 2
60 67 15
67 87 17
99 10 10
8 39 20
31 45 2
47 9 7
42 61 15
26 86 10
2 49 9
90 67 12
91 76 19
81 87 14
48 9 5
66 71 14
68 23 17
65 37 4
85 29 13
25 38 14
44 51 17
0 12 4
34 13 18
73 77 12
21 37 13
13 35 20
26 33 15
26 7 14
13 15 17
18 87 8
1 82 18
42 44 13
18 39 2
9 94 16
82 67 7
10 57 10
42 22 15
36 13 19
56 84 1
35 98 13
37 30 1
69 66 5
35 17 4
46 23 15
2 73 7
58 66 10
71 27 8
11 75 17
86 64 7
6 99 18
63 37 9
97 76 8
89 54 7
70 2 9
37 96 10
86 58 9
12 17 4
58 23 17
84 85 3
23 94 18
44 45 18
24 55 4
11 41 8
14 16 1
74 64 10
58 82 12
81 64 18
49 75 14
82 77 17
3 49 5
25 16 10
21 54 12
18 56 20
70 8 2
68 85 11
66 92 1
83 54 10
9 61 4
72 94 6
66 78 1
88 94 3
98 74 9
4 14 7
32 47 16
12 92 20
67 0 3
71 61 14
46 47 4
29 31 7
84 90 17
77 18 18
83 31 12
30 16 9
62 57 3
73 34 5
86 8 18
66 18 14
49 24 5
6 52 8
0 90 16
84 39 11
86 84 6
75 94 18
54 55 12
71 32 1
64 50 17
57 28 10
34 45 7
86 13 2
58 71 8
11 68 6
39 63 4
31 38 18
23 38 9
45 98 13
35 19 4
52 49 11
51 43 15
37 34 7
72 2 12
90 19 12
29 2 11
78 97 11
9 99 10
68 99 9
69 98 20
45 5 7
56 68 20
40 19 19
71 37 19
31 61 13
56 91 9
38 44 13
89 72 3
74 15 13
10 90 15
33 21 13
46 65 2
52 64 7
75 66 13
98 10 7
69 96 14
56 33 13
13 86 8
73 10 4
26 61 4
53 94 18
87 48 6
11 51 14
40 63 18
5 60 16
92 99 11
67 39 20
99 61 1
16 53 9
54 10 10
85 86 6
14 12 2
10 91 20
10 36 1
19 23 16
27 30 3
45 41 20
6 46 16
28 2 19
59 7 10
91 68 17
68 39 8
31 33 7
2 80 7
5 97 12
57 99 13
35 64 6
12 94 14
88 10 10
67 98 2
51 93 6
22 23 20
87 41 13
99 14 11
22 33 7
26 34 20
70 64 19
74 62 13
31 67 7
71 78 5
52 38 5
61 30 2
90 44 6
7 66 2
94 4 13
81 99 11
24 37 12
94 14 8
5 57 17
30 94 6
4 99 16
87 45 4
25 99 14
50 7 12
29 5 18
54 39 5
8 56 13
29 9 4
28 50 18
40 56 14
46 41 12
27 19 4
99 13 16
98 39 9
82 12 2
8 55 14
72 71 1
97 6 11
2 86 16
82 91 17
88 83 12
64 16 2
73 70 2
51 3 18
93 42 14
42 78 2
68 34 10
63 67 17
72 50 2
79 59 9
37 86 10
2 16 16
48 59 18
96 70 18
54 15 8
64 65 12
46 96 20
77 7 2
82 24 5
68 70 3
3 28 15
9 41 15
49 95 17
83 30 17
87 4 5
94 37 18
52 96 20
75 57 6
66 67 5
95 56 4
36 75 5
90 33 18
41 38 3
52 23 7
45 72 17
7 87 7
45 56 17
58 20 10
20 23 6
46 53 6
93 45 12
41 99 1
72 21 3
78 7 18
6 91 18
91 65 6
27 76 17
78 4 2
68 20 11
59 19 19
8 71 17
43 20 4
90 72 4
0 99
