 600 7200 10 
 1 2 92 
 2 3 84 
 3 4 36 
 4 5 81 
 5 6 46 
 6 7 55 
 7 8 87 
 8 9 35 
 9 10 30 
 10 11 71 
 11 12 5 
 12 13 19 
 13 14 7 
 14 15 9 
 15 16 74 
 16 17 53 
 17 18 50 
 18 19 11 
 19 20 38 
 20 21 4 
 21 22 19 
 22 23 92 
 23 24 70 
 24 25 63 
 25 26 95 
 26 27 96 
 27 28 60 
 28 29 53 
 29 30 34 
 30 31 24 
 31 32 59 
 32 33 63 
 33 34 42 
 34 35 45 
 35 36 68 
 36 37 20 
 37 38 61 
 38 39 53 
 39 40 61 
 40 41 27 
 41 42 86 
 42 43 15 
 43 44 51 
 44 45 31 
 45 46 38 
 46 47 19 
 47 48 27 
 48 49 82 
 49 50 31 
 50 51 99 
 51 52 1 
 52 53 30 
 53 54 6 
 54 55 22 
 55 56 53 
 56 57 11 
 57 58 54 
 58 59 60 
 59 60 75 
 60 61 5 
 61 62 7 
 62 63 8 
 63 64 41 
 64 65 45 
 65 66 80 
 66 67 41 
 67 68 76 
 68 69 42 
 69 70 44 
 70 71 12 
 71 72 56 
 72 73 62 
 73 74 66 
 74 75 73 
 75 76 21 
 76 77 94 
 77 78 35 
 78 79 10 
 79 80 100 
 80 81 28 
 81 82 45 
 82 83 68 
 83 84 19 
 84 85 16 
 85 86 80 
 86 87 96 
 87 88 13 
 88 89 43 
 89 90 3 
 90 91 68 
 91 92 4 
 92 93 28 
 93 94 59 
 94 95 17 
 95 96 60 
 96 97 21 
 97 98 81 
 98 99 34 
 99 100 35 
 100 101 7 
 101 102 7 
 102 103 21 
 103 104 14 
 104 105 82 
 105 106 26 
 106 107 32 
 107 108 26 
 108 109 6 
 109 110 7 
 110 111 64 
 111 112 83 
 112 113 31 
 113 114 70 
 114 115 53 
 115 116 92 
 116 117 78 
 117 118 32 
 118 119 46 
 119 120 59 
 120 121 33 
 121 122 42 
 122 123 57 
 123 124 5 
 124 125 9 
 125 126 53 
 126 127 66 
 127 128 66 
 128 129 95 
 129 130 61 
 130 131 95 
 131 132 91 
 132 133 63 
 133 134 73 
 134 135 34 
 135 136 88 
 136 137 40 
 137 138 21 
 138 139 59 
 139 140 43 
 140 141 86 
 141 142 34 
 142 143 30 
 143 144 57 
 144 145 37 
 145 146 34 
 146 147 94 
 147 148 52 
 148 149 63 
 149 150 38 
 150 151 56 
 151 152 26 
 152 153 29 
 153 154 20 
 154 155 48 
 155 156 99 
 156 157 53 
 157 158 4 
 158 159 33 
 159 160 45 
 160 161 31 
 161 162 64 
 162 163 82 
 163 164 8 
 164 165 52 
 165 166 31 
 166 167 37 
 167 168 81 
 168 169 14 
 169 170 51 
 170 171 27 
 171 172 16 
 172 173 27 
 173 174 14 
 174 175 48 
 175 176 89 
 176 177 33 
 177 178 8 
 178 179 57 
 179 180 31 
 180 181 76 
 181 182 88 
 182 183 92 
 183 184 17 
 184 185 33 
 185 186 50 
 186 187 77 
 187 188 71 
 188 189 30 
 189 190 74 
 190 191 25 
 191 192 100 
 192 193 19 
 193 194 96 
 194 195 30 
 195 196 96 
 196 197 14 
 197 198 86 
 198 199 90 
 199 200 49 
 200 201 8 
 201 202 96 
 202 203 97 
 203 204 5 
 204 205 87 
 205 206 73 
 206 207 4 
 207 208 41 
 208 209 100 
 209 210 33 
 210 211 35 
 211 212 96 
 212 213 1 
 213 214 31 
 214 215 100 
 215 216 3 
 216 217 49 
 217 218 19 
 218 219 76 
 219 220 100 
 220 221 58 
 221 222 48 
 222 223 68 
 223 224 36 
 224 225 61 
 225 226 5 
 226 227 39 
 227 228 16 
 228 229 70 
 229 230 54 
 230 231 40 
 231 232 52 
 232 233 96 
 233 234 55 
 234 235 47 
 235 236 55 
 236 237 17 
 237 238 45 
 238 239 9 
 239 240 84 
 240 241 75 
 241 242 98 
 242 243 67 
 243 244 81 
 244 245 9 
 245 246 49 
 246 247 92 
 247 248 91 
 248 249 96 
 249 250 96 
 250 251 4 
 251 252 27 
 252 253 27 
 253 254 76 
 254 255 23 
 255 256 48 
 256 257 63 
 257 258 7 
 258 259 55 
 259 260 80 
 260 261 3 
 261 262 57 
 262 263 15 
 263 264 70 
 264 265 46 
 265 266 74 
 266 267 51 
 267 268 5 
 268 269 27 
 269 270 25 
 270 271 2 
 271 272 20 
 272 273 27 
 273 274 63 
 274 275 50 
 275 276 94 
 276 277 51 
 277 278 41 
 278 279 98 
 279 280 32 
 280 281 76 
 281 282 38 
 282 283 30 
 283 284 54 
 284 285 62 
 285 286 85 
 286 287 35 
 287 288 30 
 288 289 45 
 289 290 50 
 290 291 69 
 291 292 20 
 292 293 23 
 293 294 53 
 294 295 96 
 295 296 75 
 296 297 100 
 297 298 70 
 298 299 22 
 299 300 28 
 300 301 97 
 301 302 95 
 302 303 91 
 303 304 11 
 304 305 50 
 305 306 26 
 306 307 53 
 307 308 10 
 308 309 50 
 309 310 35 
 310 311 99 
 311 312 2 
 312 313 23 
 313 314 81 
 314 315 68 
 315 316 71 
 316 317 24 
 317 318 61 
 318 319 100 
 319 320 76 
 320 321 69 
 321 322 38 
 322 323 1 
 323 324 47 
 324 325 21 
 325 326 73 
 326 327 59 
 327 328 61 
 328 329 22 
 329 330 50 
 330 331 89 
 331 332 4 
 332 333 19 
 333 334 13 
 334 335 1 
 335 336 18 
 336 337 69 
 337 338 36 
 338 339 38 
 339 340 43 
 340 341 68 
 341 342 16 
 342 343 39 
 343 344 37 
 344 345 97 
 345 346 37 
 346 347 63 
 347 348 26 
 348 349 50 
 349 350 2 
 350 351 65 
 351 352 3 
 352 353 69 
 353 354 82 
 354 355 98 
 355 356 97 
 356 357 14 
 357 358 96 
 358 359 4 
 359 360 27 
 360 361 3 
 361 362 31 
 362 363 37 
 363 364 23 
 364 365 88 
 365 366 78 
 366 367 71 
 367 368 47 
 368 369 61 
 369 370 49 
 370 371 75 
 371 372 6 
 372 373 75 
 373 374 75 
 374 375 13 
 375 376 19 
 376 377 58 
 377 378 80 
 378 379 29 
 379 380 16 
 380 381 36 
 381 382 46 
 382 383 49 
 383 384 70 
 384 385 12 
 385 386 14 
 386 387 25 
 387 388 48 
 388 389 80 
 389 390 23 
 390 391 48 
 391 392 30 
 392 393 42 
 393 394 45 
 394 395 98 
 395 396 28 
 396 397 19 
 397 398 65 
 398 399 56 
 399 400 98 
 400 401 87 
 401 402 36 
 402 403 64 
 403 404 48 
 404 405 3 
 405 406 80 
 406 407 22 
 407 408 29 
 408 409 91 
 409 410 33 
 410 411 40 
 411 412 22 
 412 413 52 
 413 414 59 
 414 415 97 
 415 416 15 
 416 417 56 
 417 418 31 
 418 419 63 
 419 420 32 
 420 421 78 
 421 422 90 
 422 423 5 
 423 424 80 
 424 425 78 
 425 426 52 
 426 427 88 
 427 428 79 
 428 429 19 
 429 430 25 
 430 431 74 
 431 432 33 
 432 433 38 
 433 434 26 
 434 435 59 
 435 436 83 
 436 437 82 
 437 438 67 
 438 439 21 
 439 440 51 
 440 441 6 
 441 442 43 
 442 443 69 
 443 444 67 
 444 445 2 
 445 446 1 
 446 447 56 
 447 448 90 
 448 449 34 
 449 450 98 
 450 451 8 
 451 452 20 
 452 453 60 
 453 454 88 
 454 455 39 
 455 456 5 
 456 457 96 
 457 458 33 
 458 459 1 
 459 460 65 
 460 461 80 
 461 462 66 
 462 463 68 
 463 464 38 
 464 465 4 
 465 466 4 
 466 467 87 
 467 468 89 
 468 469 76 
 469 470 50 
 470 471 29 
 471 472 39 
 472 473 96 
 473 474 56 
 474 475 81 
 475 476 14 
 476 477 23 
 477 478 62 
 478 479 78 
 479 480 16 
 480 481 49 
 481 482 84 
 482 483 67 
 483 484 99 
 484 485 72 
 485 486 14 
 486 487 91 
 487 488 70 
 488 489 94 
 489 490 95 
 490 491 50 
 491 492 34 
 492 493 29 
 493 494 90 
 494 495 96 
 495 496 5 
 496 497 44 
 497 498 51 
 498 499 76 
 499 500 100 
 500 501 3 
 501 502 52 
 502 503 26 
 503 504 39 
 504 505 60 
 505 506 89 
 506 507 78 
 507 508 94 
 508 509 16 
 509 510 67 
 510 511 49 
 511 512 30 
 512 513 80 
 513 514 54 
 514 515 61 
 515 516 22 
 516 517 44 
 517 518 32 
 518 519 83 
 519 520 49 
 520 521 8 
 521 522 58 
 522 523 65 
 523 524 67 
 524 525 4 
 525 526 13 
 526 527 54 
 527 528 14 
 528 529 76 
 529 530 24 
 530 531 81 
 531 532 79 
 532 533 39 
 533 534 54 
 534 535 16 
 535 536 69 
 536 537 90 
 537 538 91 
 538 539 95 
 539 540 65 
 540 541 24 
 541 542 47 
 542 543 51 
 543 544 55 
 544 545 3 
 545 546 95 
 546 547 28 
 547 548 52 
 548 549 69 
 549 550 63 
 550 551 6 
 551 552 64 
 552 553 15 
 553 554 44 
 554 555 37 
 555 556 78 
 556 557 73 
 557 558 49 
 558 559 19 
 559 560 25 
 560 561 86 
 561 562 91 
 562 563 13 
 563 564 69 
 564 565 25 
 565 566 71 
 566 567 79 
 567 568 56 
 568 569 22 
 569 570 4 
 570 571 45 
 571 572 9 
 572 573 49 
 573 574 89 
 574 575 40 
 575 576 68 
 576 577 31 
 577 578 100 
 578 579 23 
 579 580 76 
 580 581 67 
 581 582 92 
 582 583 74 
 583 584 76 
 584 585 83 
 585 586 59 
 586 587 19 
 587 588 49 
 588 589 97 
 589 590 65 
 590 591 20 
 591 592 81 
 592 593 42 
 593 594 3 
 594 595 67 
 595 596 32 
 596 597 44 
 597 598 40 
 598 599 89 
 599 600 33 
 600 1 56 
 133 121 55 
 589 302 57 
 479 375 88 
 173 78 48 
 533 367 33 
 587 433 72 
 591 140 7 
 225 77 28 
 99 318 68 
 29 205 14 
 555 167 38 
 261 238 86 
 265 411 26 
 272 430 61 
 593 313 67 
 84 463 53 
 535 409 86 
 153 581 28 
 338 546 59 
 203 110 7 
 577 540 99 
 364 521 67 
 10 321 96 
 152 306 56 
 442 334 89 
 230 232 15 
 544 116 44 
 212 464 99 
 443 455 1 
 225 313 53 
 534 529 77 
 335 407 97 
 156 19 51 
 407 319 25 
 532 491 75 
 260 337 12 
 402 194 29 
 240 20 15 
 412 319 65 
 575 139 1 
 428 204 81 
 402 471 35 
 157 89 49 
 538 231 62 
 421 238 71 
 334 200 95 
 356 562 99 
 509 174 58 
 448 151 60 
 536 596 41 
 64 216 12 
 429 156 77 
 353 357 12 
 275 35 81 
 233 485 30 
 237 432 76 
 573 196 9 
 136 96 30 
 282 355 18 
 221 435 99 
 100 468 5 
 107 534 56 
 88 380 14 
 295 3 78 
 155 550 24 
 412 515 39 
 293 219 99 
 429 70 15 
 511 156 36 
 394 494 54 
 158 492 55 
 484 309 1 
 340 438 86 
 49 198 19 
 185 7 50 
 556 250 19 
 581 341 87 
 544 526 100 
 328 188 22 
 521 100 75 
 121 68 6 
 430 202 84 
 202 346 47 
 45 169 82 
 216 220 34 
 202 268 95 
 491 296 41 
 388 400 31 
 197 261 71 
 450 239 94 
 104 9 45 
 34 424 16 
 410 323 15 
 368 75 22 
 444 122 81 
 255 127 28 
 397 445 81 
 342 401 29 
 243 114 50 
 127 589 93 
 473 393 68 
 92 289 59 
 63 233 4 
 450 588 15 
 468 128 72 
 113 311 20 
 289 473 74 
 149 385 31 
 435 414 22 
 416 124 70 
 169 52 3 
 520 390 71 
 380 76 27 
 424 476 27 
 2 130 81 
 41 330 47 
 160 172 28 
 208 558 48 
 198 261 4 
 168 552 63 
 97 356 42 
 453 557 1 
 196 495 60 
 377 272 21 
 494 225 11 
 124 597 98 
 512 84 95 
 95 528 41 
 420 494 11 
 503 232 19 
 94 124 96 
 197 264 21 
 88 297 1 
 156 27 73 
 425 326 10 
 162 565 14 
 353 366 81 
 435 333 64 
 451 522 100 
 386 127 71 
 48 529 94 
 346 568 28 
 326 288 79 
 183 133 61 
 334 129 70 
 324 471 3 
 493 229 77 
 151 140 5 
 419 161 64 
 473 44 88 
 214 219 5 
 324 403 17 
 283 500 48 
 362 398 21 
 59 430 58 
 216 515 9 
 498 259 35 
 556 348 14 
 247 165 77 
 245 235 13 
 311 330 59 
 460 325 98 
 86 500 66 
 503 587 41 
 196 248 45 
 529 275 85 
 434 122 63 
 100 376 49 
 492 39 20 
 112 96 65 
 499 339 26 
 279 468 47 
 277 18 69 
 412 59 20 
 380 49 79 
 33 492 55 
 269 594 35 
 161 211 37 
 447 27 48 
 236 220 42 
 70 502 52 
 172 249 32 
 462 114 43 
 284 84 42 
 17 366 60 
 361 512 29 
 290 342 90 
 251 334 52 
 242 212 66 
 292 8 96 
 131 264 4 
 473 259 22 
 303 159 15 
 468 597 4 
 123 376 21 
 90 315 83 
 24 34 36 
 29 517 1 
 522 487 87 
 281 339 15 
 279 514 33 
 223 263 60 
 409 483 91 
 559 468 29 
 566 351 31 
 120 426 77 
 416 228 4 
 297 535 56 
 23 201 11 
 398 37 9 
 426 262 39 
 86 325 47 
 294 352 9 
 222 419 70 
 24 249 61 
 261 515 65 
 323 400 35 
 230 475 96 
 567 581 98 
 259 408 54 
 139 437 68 
 281 360 40 
 94 259 10 
 581 439 87 
 497 276 72 
 104 194 82 
 35 291 2 
 344 127 83 
 73 426 54 
 490 388 100 
 416 230 22 
 228 38 70 
 476 108 32 
 302 348 5 
 332 137 58 
 451 381 85 
 558 269 3 
 406 49 90 
 159 470 95 
 136 377 10 
 230 561 60 
 313 174 87 
 432 340 94 
 252 345 26 
 563 75 75 
 152 230 27 
 14 110 37 
 186 295 100 
 196 473 66 
 236 48 18 
 480 365 6 
 217 382 68 
 596 252 33 
 124 311 64 
 446 132 68 
 20 137 92 
 589 457 50 
 534 192 50 
 536 290 94 
 45 507 57 
 364 4 93 
 535 395 92 
 13 214 15 
 244 296 10 
 382 45 83 
 130 136 31 
 7 170 88 
 214 481 36 
 598 139 93 
 534 259 10 
 590 289 83 
 116 469 56 
 107 305 72 
 296 484 13 
 173 461 89 
 455 160 52 
 549 594 55 
 532 71 22 
 182 397 93 
 32 343 14 
 122 256 44 
 520 467 12 
 352 109 81 
 296 4 31 
 283 493 24 
 333 64 39 
 192 419 57 
 56 590 66 
 276 386 6 
 517 507 10 
 316 467 94 
 302 317 1 
 224 359 54 
 474 293 15 
 439 271 19 
 468 440 29 
 546 88 69 
 210 367 68 
 278 184 79 
 323 421 51 
 435 309 17 
 318 489 12 
 332 311 5 
 25 159 73 
 466 368 25 
 295 514 61 
 591 41 11 
 258 169 46 
 507 362 26 
 202 537 27 
 591 278 79 
 73 516 74 
 358 475 88 
 574 25 26 
 162 78 4 
 115 17 53 
 349 369 31 
 19 526 41 
 185 351 71 
 537 573 44 
 377 530 3 
 577 374 5 
 516 547 46 
 74 202 9 
 150 527 28 
 539 575 5 
 58 91 8 
 233 570 13 
 517 313 42 
 535 101 76 
 321 289 29 
 501 149 96 
 287 372 52 
 178 435 91 
 473 4 63 
 301 339 17 
 256 164 2 
 433 104 44 
 206 545 100 
 507 84 79 
 118 133 44 
 15 236 94 
 46 417 47 
 246 28 38 
 242 128 90 
 585 109 36 
 163 185 68 
 253 392 79 
 245 28 81 
 218 134 37 
 324 266 79 
 281 342 29 
 490 480 26 
 370 590 32 
 414 297 54 
 225 53 6 
 346 410 60 
 262 497 32 
 413 500 68 
 132 418 73 
 9 61 100 
 34 341 74 
 154 415 16 
 412 563 47 
 81 530 37 
 237 240 81 
 445 285 26 
 465 597 45 
 417 195 73 
 217 572 81 
 28 187 74 
 124 159 85 
 15 548 16 
 535 313 68 
 265 400 27 
 432 451 86 
 315 449 57 
 483 121 59 
 200 319 97 
 26 116 9 
 86 430 60 
 252 497 85 
 408 516 24 
 453 85 32 
 351 152 73 
 30 345 6 
 495 177 54 
 549 112 86 
 128 21 97 
 175 415 29 
 536 329 94 
 206 208 17 
 484 29 62 
 300 140 74 
 54 156 2 
 208 323 71 
 466 285 87 
 245 506 100 
 544 219 83 
 562 464 26 
 65 335 31 
 523 478 6 
 295 228 12 
 255 71 86 
 571 336 68 
 256 104 65 
 207 142 88 
 431 531 81 
 73 47 74 
 265 463 58 
 117 2 78 
 509 313 89 
 8 540 88 
 321 474 78 
 432 457 71 
 173 66 7 
 135 242 86 
 103 5 72 
 334 423 67 
 562 330 79 
 4 532 15 
 453 45 87 
 585 251 82 
 222 514 65 
 569 334 53 
 411 172 13 
 464 343 50 
 346 196 73 
 200 416 55 
 341 322 25 
 302 401 35 
 218 554 51 
 589 364 80 
 579 350 39 
 388 137 13 
 197 248 30 
 372 513 90 
 359 108 39 
 333 465 6 
 262 192 84 
 335 389 63 
 398 402 49 
 65 390 23 
 241 527 52 
 84 218 8 
 133 254 98 
 322 517 2 
 520 66 73 
 261 146 56 
 67 287 72 
 256 365 13 
 437 362 18 
 420 541 32 
 89 449 25 
 438 417 10 
 279 514 99 
 283 540 94 
 233 580 90 
 5 369 72 
 58 562 97 
 101 491 20 
 248 516 89 
 497 416 35 
 100 7 18 
 283 370 91 
 119 181 96 
 152 174 27 
 58 242 53 
 344 200 63 
 404 284 14 
 28 485 17 
 159 530 90 
 39 55 57 
 517 394 18 
 113 203 44 
 360 142 44 
 215 418 24 
 165 475 8 
 335 158 49 
 150 521 26 
 136 537 71 
 228 190 62 
 210 378 5 
 309 218 26 
 192 129 7 
 197 144 49 
 430 275 22 
 510 37 52 
 288 427 10 
 195 295 98 
 573 229 89 
 478 459 3 
 376 268 8 
 503 127 9 
 425 591 77 
 390 421 18 
 484 400 11 
 125 509 62 
 212 6 52 
 597 149 43 
 365 243 72 
 556 265 100 
 157 162 76 
 290 424 24 
 48 542 81 
 599 493 27 
 344 586 50 
 26 152 94 
 599 113 58 
 162 560 64 
 286 114 83 
 520 561 41 
 6 401 37 
 410 308 83 
 31 465 1 
 339 355 22 
 590 147 11 
 65 319 69 
 41 563 2 
 501 7 35 
 369 335 32 
 569 220 70 
 348 103 14 
 436 571 98 
 328 215 49 
 324 503 37 
 3 231 22 
 465 92 3 
 447 583 28 
 360 460 11 
 84 561 2 
 217 279 20 
 347 250 3 
 149 298 84 
 579 240 98 
 172 518 52 
 198 240 37 
 430 226 32 
 262 316 69 
 80 476 61 
 363 105 54 
 268 468 56 
 38 516 36 
 332 136 57 
 533 531 39 
 224 109 80 
 499 286 43 
 335 18 30 
 111 299 94 
 325 598 11 
 528 297 46 
 217 97 14 
 129 462 17 
 220 97 12 
 483 474 56 
 504 578 42 
 416 538 64 
 503 219 40 
 125 130 79 
 388 139 45 
 131 498 95 
 277 563 75 
 85 123 50 
 506 266 41 
 387 428 15 
 372 503 97 
 401 180 8 
 205 225 56 
 347 551 2 
 342 539 98 
 477 529 80 
 581 28 40 
 369 567 99 
 590 477 77 
 27 307 80 
 167 246 64 
 108 284 78 
 320 586 76 
 401 4 48 
 134 427 9 
 312 243 25 
 67 301 94 
 105 140 26 
 33 159 5 
 109 321 71 
 239 438 48 
 304 382 42 
 303 434 4 
 107 516 85 
 546 10 7 
 71 379 23 
 9 334 85 
 110 216 14 
 317 143 68 
 438 240 37 
 561 34 5 
 588 442 3 
 309 255 57 
 379 67 79 
 511 305 27 
 58 183 30 
 251 20 15 
 111 393 79 
 589 120 32 
 596 81 91 
 403 181 15 
 43 329 46 
 549 72 63 
 59 197 54 
 432 288 93 
 382 177 83 
 137 219 2 
 526 94 21 
 485 441 86 
 264 154 55 
 485 69 32 
 324 155 82 
 474 532 61 
 201 404 63 
 473 206 96 
 487 551 6 
 233 339 78 
 353 52 62 
 470 226 73 
 412 586 78 
 589 73 62 
 580 493 51 
 449 202 79 
 563 69 41 
 94 91 89 
 269 503 63 
 85 260 11 
 499 392 60 
 568 382 18 
 74 505 53 
 214 423 80 
 493 385 31 
 578 313 74 
 450 509 83 
 6 592 26 
 403 256 10 
 195 310 29 
 397 88 3 
 215 517 84 
 39 340 54 
 63 439 39 
 456 336 43 
 522 355 5 
 435 118 58 
 333 319 40 
 215 175 38 
 302 252 64 
 252 318 77 
 227 579 5 
 213 572 51 
 332 161 87 
 71 399 66 
 540 117 12 
 455 85 76 
 42 142 39 
 391 468 7 
 413 130 20 
 124 495 22 
 447 112 85 
 171 192 41 
 202 235 7 
 262 235 81 
 120 74 66 
 499 41 51 
 259 191 23 
 463 118 73 
 340 306 44 
 516 435 33 
 355 264 87 
 361 492 63 
 566 470 40 
 544 568 43 
 479 361 99 
 303 343 47 
 264 34 46 
 323 204 77 
 274 143 24 
 321 46 96 
 7 552 41 
 65 235 12 
 506 415 37 
 568 176 49 
 97 400 60 
 402 590 98 
 197 429 33 
 216 256 18 
 397 277 22 
 67 71 90 
 137 430 57 
 137 508 55 
 20 583 81 
 48 116 54 
 36 517 69 
 237 391 55 
 296 319 75 
 537 396 75 
 356 381 67 
 56 516 87 
 517 447 59 
 514 486 18 
 163 221 50 
 394 21 1 
 332 22 48 
 469 599 31 
 465 275 91 
 372 196 21 
 481 37 55 
 504 348 41 
 382 168 49 
 17 268 84 
 483 380 68 
 284 234 52 
 234 472 32 
 401 442 18 
 146 137 72 
 8 520 56 
 7 33 31 
 115 359 91 
 516 233 94 
 408 56 86 
 484 248 32 
 231 521 18 
 200 476 39 
 147 144 47 
 502 2 100 
 404 431 17 
 478 320 25 
 287 470 13 
 94 385 48 
 133 193 79 
 155 501 88 
 366 189 80 
 548 221 12 
 63 195 82 
 579 334 79 
 374 431 43 
 388 334 84 
 284 170 59 
 576 231 11 
 551 79 40 
 231 76 100 
 194 119 89 
 510 127 81 
 474 47 41 
 266 365 97 
 398 326 78 
 486 4 53 
 91 102 44 
 453 62 82 
 597 141 81 
 245 35 29 
 39 257 66 
 128 439 32 
 595 257 37 
 345 240 8 
 118 185 79 
 433 75 33 
 93 396 22 
 434 495 53 
 18 537 83 
 376 354 72 
 340 76 37 
 23 211 41 
 330 68 35 
 480 360 63 
 217 501 31 
 232 60 9 
 218 193 21 
 164 377 29 
 174 471 32 
 469 251 14 
 349 130 23 
 24 226 61 
 118 555 89 
 413 465 55 
 71 395 48 
 489 166 48 
 34 460 94 
 512 287 62 
 304 590 28 
 262 390 66 
 188 475 79 
 343 144 9 
 444 469 38 
 425 564 99 
 172 398 19 
 272 348 80 
 253 124 69 
 193 187 61 
 330 392 17 
 111 211 73 
 203 26 75 
 198 213 65 
 520 533 74 
 157 284 17 
 302 156 28 
 317 241 16 
 232 276 13 
 572 52 46 
 500 103 56 
 115 254 76 
 102 93 22 
 405 505 63 
 563 15 78 
 25 99 66 
 301 212 10 
 189 71 21 
 234 299 15 
 396 500 7 
 101 353 17 
 564 228 60 
 114 439 19 
 383 418 51 
 173 127 78 
 310 356 29 
 500 564 81 
 390 330 10 
 283 593 64 
 63 459 66 
 522 19 53 
 104 177 69 
 510 590 44 
 232 22 96 
 500 525 40 
 480 421 46 
 418 262 60 
 380 2 99 
 493 431 28 
 130 208 99 
 234 241 4 
 294 334 75 
 79 447 85 
 554 273 67 
 404 262 52 
 460 402 81 
 535 559 15 
 73 595 51 
 469 320 23 
 489 280 37 
 265 80 42 
 490 60 19 
 492 460 68 
 508 225 69 
 284 4 14 
 568 437 28 
 484 545 54 
 569 528 22 
 271 18 76 
 597 541 37 
 212 237 57 
 176 588 12 
 25 467 51 
 150 461 60 
 366 581 58 
 369 53 11 
 508 106 15 
 350 141 41 
 37 53 9 
 228 114 32 
 430 503 77 
 218 140 84 
 534 65 21 
 320 105 10 
 247 359 88 
 111 565 4 
 597 467 8 
 365 356 72 
 200 595 68 
 375 24 17 
 431 573 39 
 463 499 32 
 596 490 2 
 329 135 95 
 424 153 68 
 118 335 23 
 289 114 8 
 524 565 98 
 576 102 98 
 18 171 98 
 278 444 2 
 423 587 73 
 323 243 75 
 74 60 49 
 468 127 41 
 367 110 89 
 28 440 71 
 455 538 34 
 490 538 81 
 250 41 11 
 30 45 1 
 93 239 96 
 473 361 91 
 211 28 82 
 58 364 23 
 374 195 66 
 99 206 53 
 579 589 71 
 269 360 39 
 400 88 3 
 408 519 99 
 549 471 41 
 319 263 44 
 562 46 60 
 338 527 68 
 579 496 85 
 558 63 12 
 470 38 7 
 504 267 43 
 256 53 84 
 548 232 54 
 470 558 75 
 349 183 2 
 235 271 24 
 399 414 27 
 270 520 78 
 596 223 20 
 570 557 99 
 550 77 63 
 294 111 46 
 435 292 80 
 110 89 59 
 69 345 95 
 359 367 77 
 386 199 58 
 514 452 60 
 137 502 87 
 174 247 92 
 393 211 53 
 489 534 8 
 297 460 65 
 190 41 24 
 550 350 35 
 518 164 43 
 289 265 65 
 433 72 50 
 429 593 9 
 387 415 12 
 291 504 92 
 486 512 91 
 497 252 30 
 177 305 64 
 524 125 33 
 370 237 87 
 72 567 65 
 356 17 61 
 107 369 68 
 443 296 78 
 55 508 74 
 93 178 63 
 141 98 100 
 349 200 88 
 91 539 96 
 300 559 25 
 61 356 2 
 412 228 43 
 12 180 24 
 411 98 42 
 425 252 74 
 298 91 41 
 173 563 26 
 331 264 99 
 33 212 55 
 409 210 100 
 209 105 29 
 256 542 83 
 64 187 56 
 253 390 52 
 19 296 65 
 490 599 87 
 272 209 75 
 179 121 78 
 154 391 76 
 461 558 14 
 84 358 100 
 494 242 23 
 160 253 84 
 169 446 70 
 99 130 88 
 178 238 45 
 263 301 86 
 399 55 12 
 572 86 47 
 113 593 64 
 39 513 20 
 389 490 18 
 578 40 83 
 376 67 77 
 458 317 74 
 186 377 35 
 423 40 21 
 505 364 20 
 61 59 47 
 457 213 39 
 174 160 64 
 166 561 12 
 538 449 73 
 329 556 83 
 269 423 8 
 139 360 81 
 164 111 53 
 389 192 60 
 222 474 36 
 364 441 7 
 81 368 9 
 132 477 42 
 75 390 91 
 517 395 68 
 339 435 33 
 11 58 1 
 355 278 72 
 400 315 3 
 520 184 26 
 445 200 100 
 150 399 7 
 501 553 79 
 512 104 66 
 266 304 1 
 385 173 3 
 258 401 34 
 117 340 76 
 19 462 68 
 410 274 5 
 67 419 77 
 68 541 2 
 314 548 41 
 584 341 10 
 595 222 95 
 346 303 98 
 92 121 44 
 508 66 15 
 326 135 67 
 200 183 83 
 592 73 74 
 48 347 77 
 266 38 47 
 494 308 76 
 93 438 6 
 531 217 41 
 180 371 53 
 295 342 21 
 20 567 51 
 189 202 64 
 305 135 64 
 186 386 10 
 42 210 45 
 274 11 58 
 202 93 84 
 20 534 44 
 35 423 2 
 129 230 43 
 575 48 79 
 591 452 96 
 238 415 18 
 120 240 48 
 270 565 2 
 335 327 87 
 340 151 94 
 428 256 56 
 247 444 70 
 342 97 88 
 94 505 84 
 230 69 68 
 461 211 15 
 509 400 74 
 88 479 47 
 110 231 2 
 195 362 86 
 146 477 17 
 102 314 47 
 519 155 29 
 358 423 12 
 467 239 64 
 147 258 41 
 527 309 51 
 502 74 25 
 154 315 48 
 154 109 32 
 124 484 72 
 82 157 69 
 223 481 13 
 544 28 15 
 103 172 95 
 333 341 61 
 10 452 32 
 519 570 46 
 349 44 7 
 558 588 26 
 580 17 53 
 392 243 86 
 489 20 41 
 280 598 64 
 345 258 13 
 564 534 68 
 129 540 36 
 434 163 79 
 214 68 96 
 232 592 69 
 373 366 91 
 526 202 44 
 510 131 9 
 504 358 72 
 8 450 61 
 569 405 71 
 449 143 53 
 293 392 33 
 567 6 91 
 353 233 44 
 292 514 3 
 469 3 12 
 273 483 99 
 156 207 51 
 335 202 74 
 140 169 30 
 485 114 70 
 302 292 12 
 583 400 9 
 265 33 65 
 593 588 85 
 123 162 65 
 159 401 38 
 82 77 86 
 474 277 61 
 249 401 86 
 254 361 75 
 167 590 6 
 479 560 16 
 366 157 20 
 571 178 58 
 57 83 96 
 249 183 80 
 575 249 1 
 226 297 66 
 347 8 60 
 170 115 71 
 136 65 90 
 401 228 100 
 555 85 20 
 227 459 99 
 307 242 82 
 40 490 77 
 240 339 67 
 246 591 38 
 491 373 57 
 214 449 96 
 233 438 58 
 476 259 93 
 188 82 57 
 436 438 48 
 144 277 40 
 523 362 75 
 122 540 9 
 522 270 87 
 443 291 78 
 298 301 5 
 87 577 84 
 565 113 69 
 426 38 53 
 9 508 64 
 338 454 62 
 276 477 33 
 406 205 62 
 307 317 34 
 364 408 49 
 200 323 14 
 261 583 2 
 331 375 51 
 584 39 55 
 69 530 84 
 410 30 62 
 567 119 79 
 233 478 10 
 358 167 95 
 596 384 72 
 205 458 77 
 61 400 5 
 177 386 92 
 495 5 70 
 503 508 14 
 505 283 56 
 281 345 84 
 15 58 20 
 491 455 27 
 569 336 53 
 499 113 68 
 323 116 59 
 555 254 38 
 488 160 62 
 69 391 50 
 230 43 71 
 99 328 3 
 471 97 44 
 80 333 21 
 93 269 94 
 488 112 33 
 495 45 63 
 172 159 22 
 511 512 82 
 537 150 5 
 301 510 1 
 215 548 81 
 405 91 89 
 416 422 15 
 352 542 100 
 453 201 16 
 531 298 29 
 168 271 14 
 144 177 77 
 519 502 26 
 477 6 40 
 323 342 6 
 141 425 58 
 370 54 65 
 415 234 5 
 474 395 46 
 257 379 79 
 576 317 65 
 85 442 90 
 383 421 40 
 487 18 78 
 284 124 29 
 195 416 94 
 523 302 2 
 149 178 66 
 510 391 57 
 268 257 35 
 193 176 46 
 113 555 93 
 534 586 98 
 231 449 76 
 172 345 38 
 32 576 98 
 456 541 81 
 382 353 53 
 555 64 1 
 562 346 70 
 46 533 48 
 354 230 94 
 365 539 51 
 276 45 86 
 146 320 57 
 441 94 95 
 202 168 79 
 417 488 77 
 289 499 98 
 425 499 44 
 451 403 7 
 326 267 81 
 595 467 72 
 40 155 4 
 491 422 93 
 34 24 1 
 472 425 70 
 115 51 59 
 526 154 35 
 587 295 32 
 510 234 46 
 229 6 75 
 250 430 20 
 165 90 76 
 416 202 52 
 211 315 99 
 394 176 58 
 23 72 66 
 114 321 96 
 220 227 47 
 512 38 41 
 561 255 10 
 5 199 84 
 25 17 78 
 334 214 67 
 543 300 45 
 301 503 33 
 227 554 82 
 381 549 84 
 55 527 90 
 425 27 73 
 300 19 67 
 413 476 10 
 85 390 32 
 452 334 70 
 204 115 80 
 594 186 25 
 358 57 52 
 593 369 4 
 270 385 32 
 423 74 22 
 559 192 88 
 576 435 53 
 232 345 91 
 184 212 61 
 562 186 68 
 424 541 22 
 277 240 71 
 219 501 19 
 220 303 44 
 271 346 64 
 95 418 77 
 524 254 80 
 167 248 79 
 145 173 52 
 151 92 34 
 336 313 69 
 25 469 25 
 229 358 10 
 327 371 30 
 33 501 25 
 226 245 52 
 285 138 46 
 476 182 51 
 10 489 50 
 78 449 3 
 213 168 92 
 167 411 66 
 221 307 96 
 352 32 2 
 234 11 64 
 20 460 6 
 145 56 35 
 252 578 52 
 214 15 17 
 538 201 92 
 350 457 20 
 234 360 95 
 440 155 61 
 229 18 32 
 31 397 80 
 501 49 7 
 438 310 27 
 266 555 88 
 288 326 3 
 435 526 64 
 175 267 71 
 259 5 29 
 323 483 16 
 378 179 10 
 320 333 22 
 392 257 28 
 484 252 72 
 509 279 39 
 275 189 79 
 550 458 13 
 227 115 18 
 398 457 18 
 236 281 83 
 292 464 62 
 501 565 48 
 323 173 46 
 86 461 25 
 253 397 95 
 115 573 90 
 85 141 46 
 499 83 14 
 279 451 78 
 565 158 84 
 81 417 28 
 285 423 95 
 152 69 70 
 529 130 95 
 370 54 19 
 33 26 12 
 385 276 55 
 496 331 75 
 175 545 16 
 214 276 34 
 343 548 98 
 24 476 21 
 178 402 49 
 181 517 84 
 560 439 7 
 150 91 70 
 145 443 1 
 340 235 60 
 28 568 43 
 506 373 30 
 246 17 68 
 99 535 40 
 33 195 65 
 353 224 93 
 563 314 52 
 590 405 64 
 127 78 96 
 259 362 14 
 466 131 17 
 348 487 54 
 337 145 96 
 20 283 60 
 421 299 75 
 235 326 37 
 109 312 1 
 116 369 27 
 480 402 40 
 462 204 95 
 125 169 31 
 559 339 42 
 457 84 54 
 258 570 91 
 278 500 76 
 177 546 28 
 400 298 100 
 14 534 34 
 197 415 37 
 327 74 58 
 375 289 42 
 264 18 69 
 244 559 66 
 290 198 83 
 534 91 53 
 545 323 53 
 573 446 67 
 238 90 65 
 106 40 69 
 141 460 31 
 62 239 48 
 148 331 83 
 101 345 57 
 297 256 22 
 62 81 17 
 272 178 69 
 140 474 96 
 201 558 67 
 389 550 69 
 298 15 96 
 25 383 72 
 24 140 54 
 526 185 45 
 311 516 73 
 324 552 42 
 416 328 58 
 108 563 20 
 89 172 74 
 45 422 76 
 496 233 17 
 69 53 18 
 287 11 84 
 95 210 19 
 426 104 24 
 261 590 37 
 202 24 31 
 546 57 85 
 30 240 21 
 389 272 11 
 310 363 17 
 482 253 19 
 42 396 33 
 221 572 61 
 282 396 43 
 37 286 13 
 595 33 49 
 391 544 10 
 528 235 38 
 532 450 33 
 568 188 86 
 546 557 82 
 553 447 40 
 156 228 56 
 201 83 13 
 79 299 67 
 291 599 61 
 491 532 29 
 100 27 34 
 5 127 8 
 534 500 11 
 518 339 75 
 579 569 4 
 133 259 93 
 244 316 23 
 388 73 59 
 23 368 79 
 528 433 72 
 470 399 95 
 30 242 29 
 281 62 70 
 533 79 8 
 150 238 66 
 78 187 46 
 26 585 39 
 452 238 37 
 298 35 7 
 273 104 5 
 203 520 35 
 211 406 31 
 211 33 91 
 41 229 69 
 492 261 16 
 196 483 86 
 6 597 19 
 263 543 9 
 588 508 71 
 505 433 29 
 26 544 73 
 54 549 71 
 366 367 31 
 503 30 27 
 584 313 23 
 154 201 17 
 390 502 56 
 152 210 62 
 219 142 97 
 571 191 1 
 537 29 91 
 524 473 6 
 176 420 97 
 150 341 85 
 467 217 53 
 440 432 12 
 74 491 2 
 75 42 45 
 537 511 89 
 508 180 71 
 121 158 21 
 301 130 19 
 299 503 98 
 323 571 14 
 402 350 48 
 293 492 99 
 254 562 80 
 386 359 63 
 545 245 29 
 291 23 11 
 407 96 28 
 89 239 97 
 283 542 54 
 578 278 12 
 437 62 23 
 3 539 36 
 370 508 7 
 481 326 70 
 245 62 21 
 122 131 3 
 175 572 94 
 125 428 55 
 84 415 55 
 564 27 87 
 339 183 19 
 281 328 28 
 377 152 38 
 453 114 46 
 441 34 34 
 407 260 58 
 371 322 27 
 534 62 33 
 447 312 18 
 2 188 19 
 300 488 72 
 42 404 71 
 582 51 21 
 35 325 24 
 477 312 39 
 149 523 69 
 584 130 57 
 111 446 32 
 42 183 89 
 303 543 9 
 314 413 77 
 206 188 41 
 360 250 5 
 341 529 16 
 185 317 33 
 246 550 72 
 573 39 74 
 537 46 4 
 243 296 95 
 524 436 79 
 199 306 96 
 578 165 5 
 42 62 92 
 248 239 78 
 8 197 92 
 274 52 95 
 133 237 98 
 100 439 37 
 469 28 40 
 32 2 36 
 158 199 41 
 279 493 32 
 187 521 38 
 215 295 10 
 247 439 10 
 363 271 71 
 7 414 93 
 210 544 3 
 443 92 53 
 129 358 11 
 179 138 69 
 577 450 67 
 277 163 51 
 538 422 19 
 240 576 66 
 48 281 6 
 119 227 88 
 567 570 50 
 349 50 92 
 64 477 1 
 435 547 92 
 374 426 82 
 496 586 27 
 70 246 51 
 580 408 7 
 213 53 30 
 357 328 45 
 535 495 51 
 222 235 12 
 211 274 86 
 75 542 13 
 89 522 83 
 273 112 41 
 455 536 45 
 143 18 98 
 58 198 41 
 5 292 6 
 251 519 22 
 238 51 47 
 84 264 6 
 173 29 31 
 152 240 73 
 364 416 77 
 376 298 88 
 454 523 76 
 528 503 76 
 225 109 80 
 455 80 17 
 224 238 82 
 256 68 31 
 32 417 74 
 239 315 22 
 440 126 21 
 28 82 45 
 386 279 75 
 433 161 9 
 256 471 58 
 12 243 17 
 37 28 52 
 293 460 18 
 227 589 81 
 366 135 62 
 257 583 6 
 490 110 99 
 34 308 62 
 198 149 90 
 498 178 83 
 416 125 10 
 368 157 90 
 370 234 73 
 316 228 44 
 530 541 94 
 13 82 1 
 98 552 98 
 558 120 97 
 206 285 13 
 243 454 51 
 168 481 76 
 51 104 7 
 97 34 28 
 19 36 49 
 466 417 54 
 19 34 95 
 395 237 45 
 95 276 83 
 114 391 59 
 42 100 67 
 60 483 81 
 198 138 4 
 335 26 28 
 282 434 38 
 39 28 71 
 150 334 61 
 300 79 56 
 380 208 31 
 89 578 48 
 127 483 88 
 6 353 22 
 187 9 6 
 254 195 27 
 26 322 39 
 218 410 10 
 585 459 54 
 589 112 29 
 477 35 20 
 143 479 30 
 310 445 49 
 337 146 68 
 534 23 36 
 168 516 57 
 551 220 9 
 165 491 71 
 324 489 6 
 104 183 71 
 3 427 1 
 206 291 58 
 554 250 77 
 555 35 88 
 40 374 81 
 196 534 45 
 222 300 68 
 355 485 61 
 380 399 31 
 43 104 82 
 495 587 66 
 377 302 37 
 143 196 55 
 459 449 29 
 433 589 79 
 233 403 99 
 312 333 53 
 150 250 7 
 193 268 28 
 527 66 5 
 505 4 38 
 586 553 13 
 288 338 76 
 330 340 36 
 335 243 50 
 257 495 96 
 481 253 61 
 41 90 36 
 520 175 83 
 52 73 90 
 238 469 3 
 571 593 48 
 444 425 44 
 246 36 28 
 139 337 28 
 86 85 50 
 247 498 61 
 592 351 47 
 323 39 53 
 204 586 35 
 306 238 92 
 7 240 92 
 280 342 30 
 531 14 74 
 572 287 10 
 215 336 56 
 121 556 77 
 466 2 52 
 218 204 6 
 229 226 22 
 56 176 38 
 189 174 33 
 24 49 66 
 304 164 26 
 526 562 95 
 218 496 5 
 506 458 55 
 36 421 33 
 42 548 91 
 574 451 88 
 338 257 1 
 350 314 94 
 35 385 42 
 76 5 57 
 151 16 53 
 584 46 76 
 460 366 22 
 459 258 17 
 376 538 98 
 511 565 24 
 2 235 87 
 493 467 32 
 360 568 27 
 48 510 50 
 220 16 22 
 580 159 22 
 379 462 23 
 404 540 22 
 66 146 90 
 445 103 53 
 474 113 16 
 312 82 52 
 91 319 62 
 258 318 5 
 202 238 7 
 136 142 86 
 34 61 76 
 372 341 98 
 251 78 91 
 18 350 47 
 515 283 38 
 507 108 96 
 354 76 75 
 134 115 82 
 411 450 75 
 263 150 69 
 162 200 48 
 392 568 70 
 46 277 35 
 365 489 43 
 397 191 71 
 312 199 60 
 227 394 1 
 87 23 99 
 228 463 87 
 597 251 6 
 309 186 11 
 156 364 78 
 268 465 54 
 573 453 43 
 410 124 53 
 131 503 76 
 174 589 6 
 483 489 56 
 79 124 18 
 67 97 32 
 116 348 75 
 402 286 49 
 35 263 51 
 310 371 39 
 157 372 80 
 37 558 40 
 61 369 28 
 597 136 66 
 31 362 24 
 510 396 55 
 459 262 76 
 17 166 38 
 149 46 88 
 371 348 8 
 32 372 74 
 36 50 98 
 207 476 58 
 7 160 76 
 227 103 25 
 511 569 81 
 439 282 66 
 33 255 60 
 174 292 83 
 18 326 15 
 215 581 50 
 503 377 91 
 453 554 65 
 119 218 59 
 526 411 18 
 285 87 35 
 193 501 57 
 424 445 98 
 197 512 49 
 46 396 40 
 4 187 75 
 92 139 54 
 595 33 53 
 551 152 99 
 392 595 20 
 92 135 19 
 247 15 64 
 43 374 14 
 374 312 95 
 394 13 79 
 524 539 66 
 213 398 27 
 356 26 7 
 342 192 36 
 359 389 3 
 189 451 52 
 524 301 11 
 223 592 13 
 242 212 76 
 216 32 73 
 423 304 9 
 569 226 75 
 500 55 19 
 416 340 100 
 277 418 5 
 5 32 50 
 378 393 98 
 131 85 20 
 379 447 73 
 126 110 56 
 49 590 48 
 93 189 19 
 358 173 36 
 154 502 51 
 343 406 46 
 303 104 11 
 72 532 73 
 585 414 46 
 359 397 9 
 42 432 39 
 496 13 82 
 313 70 48 
 54 235 35 
 69 148 7 
 219 281 9 
 6 132 77 
 252 486 58 
 532 88 81 
 201 177 93 
 317 581 46 
 281 499 21 
 164 323 36 
 168 569 63 
 573 188 42 
 494 360 5 
 260 136 66 
 509 349 19 
 93 47 62 
 429 190 19 
 140 35 56 
 417 521 24 
 148 438 52 
 312 482 73 
 488 118 69 
 595 43 3 
 594 543 53 
 19 429 93 
 90 148 33 
 173 415 69 
 491 214 43 
 225 79 83 
 534 214 43 
 294 40 94 
 383 523 9 
 383 90 75 
 48 335 90 
 444 111 95 
 488 167 11 
 384 237 74 
 64 326 60 
 388 484 61 
 83 146 26 
 492 384 57 
 42 76 88 
 342 432 98 
 258 560 82 
 16 112 93 
 455 562 21 
 215 97 88 
 448 8 13 
 564 83 45 
 598 358 96 
 64 596 41 
 541 522 60 
 196 197 18 
 507 108 37 
 53 74 85 
 502 581 69 
 129 455 2 
 75 334 20 
 142 199 83 
 487 356 8 
 580 416 53 
 100 315 24 
 269 16 70 
 483 535 4 
 79 114 4 
 139 69 2 
 513 144 65 
 588 528 18 
 254 497 74 
 406 400 6 
 213 82 66 
 409 19 14 
 399 521 38 
 470 478 7 
 194 420 65 
 425 45 51 
 237 228 14 
 525 474 90 
 127 305 74 
 304 12 68 
 494 572 29 
 438 233 7 
 486 271 51 
 233 58 39 
 266 259 37 
 330 393 85 
 113 3 31 
 335 466 14 
 324 580 29 
 203 47 14 
 33 381 8 
 180 141 9 
 584 398 70 
 181 397 86 
 207 491 95 
 92 192 12 
 365 401 22 
 547 39 88 
 489 81 47 
 535 163 16 
 334 355 74 
 592 168 12 
 152 94 56 
 33 544 54 
 26 509 52 
 163 455 42 
 168 205 89 
 552 50 75 
 557 140 73 
 385 444 43 
 409 220 38 
 209 400 69 
 103 364 62 
 337 439 79 
 376 167 91 
 307 354 15 
 286 68 79 
 198 275 92 
 34 244 48 
 140 358 72 
 459 67 26 
 151 471 85 
 128 397 30 
 349 463 27 
 316 518 24 
 66 293 49 
 357 269 28 
 158 446 6 
 381 569 97 
 61 497 48 
 24 561 38 
 573 256 24 
 293 304 79 
 257 66 33 
 245 96 32 
 237 246 84 
 210 510 52 
 279 423 19 
 372 135 97 
 92 280 3 
 432 45 89 
 115 432 11 
 158 312 36 
 321 248 68 
 108 549 42 
 244 368 46 
 548 489 28 
 595 467 81 
 535 201 89 
 132 175 79 
 222 540 50 
 227 391 9 
 474 260 96 
 587 334 33 
 354 590 56 
 2 576 69 
 434 109 22 
 542 541 44 
 147 433 13 
 520 436 8 
 546 585 88 
 233 595 89 
 445 520 56 
 51 482 47 
 88 375 37 
 389 175 5 
 322 116 34 
 594 485 93 
 539 366 69 
 503 497 90 
 28 341 93 
 571 564 25 
 160 209 45 
 596 469 100 
 425 229 94 
 258 417 51 
 28 585 3 
 324 581 11 
 225 463 88 
 363 472 12 
 564 266 70 
 229 405 69 
 334 220 29 
 88 419 24 
 267 210 21 
 368 492 51 
 67 554 92 
 214 479 42 
 195 115 64 
 22 516 84 
 433 116 67 
 75 592 34 
 230 597 14 
 388 274 76 
 342 206 83 
 596 599 78 
 303 408 58 
 467 192 96 
 479 64 53 
 162 596 26 
 283 416 15 
 46 369 51 
 299 411 87 
 84 512 66 
 32 317 59 
 227 139 80 
 598 461 58 
 480 410 61 
 61 473 68 
 524 145 78 
 2 439 69 
 83 468 11 
 226 98 9 
 333 254 81 
 14 90 56 
 355 447 51 
 195 580 91 
 441 586 41 
 28 441 71 
 373 548 10 
 432 513 49 
 536 170 24 
 285 170 42 
 289 131 37 
 534 359 49 
 251 518 1 
 214 270 17 
 206 166 25 
 560 76 3 
 364 320 92 
 583 177 70 
 511 318 29 
 540 406 82 
 557 238 12 
 321 241 79 
 577 13 45 
 237 66 61 
 298 483 60 
 89 533 17 
 431 402 6 
 268 131 47 
 567 103 100 
 102 70 76 
 120 387 94 
 104 424 45 
 364 334 78 
 544 54 4 
 550 41 62 
 258 72 14 
 351 531 96 
 449 225 4 
 196 95 16 
 188 528 36 
 591 10 50 
 377 382 10 
 321 280 32 
 51 408 100 
 178 293 4 
 538 108 69 
 2 360 31 
 450 148 70 
 55 76 2 
 95 114 70 
 494 267 67 
 101 98 31 
 397 161 32 
 250 531 59 
 556 47 56 
 407 563 77 
 508 274 96 
 321 73 4 
 60 468 13 
 161 435 60 
 527 149 86 
 365 233 84 
 529 163 55 
 157 304 9 
 42 93 43 
 96 156 49 
 274 478 97 
 63 95 75 
 186 581 24 
 276 487 48 
 366 419 22 
 440 171 67 
 363 353 77 
 372 314 88 
 354 21 24 
 97 176 22 
 132 472 70 
 243 412 27 
 578 472 87 
 519 521 46 
 288 385 3 
 147 501 34 
 271 296 49 
 382 1 53 
 93 483 29 
 378 251 87 
 205 181 12 
 41 110 72 
 299 463 62 
 283 58 44 
 136 341 79 
 422 470 36 
 122 324 1 
 14 292 97 
 52 113 41 
 33 565 13 
 252 322 62 
 328 502 14 
 516 391 31 
 351 264 76 
 387 464 39 
 349 111 18 
 265 83 61 
 155 582 85 
 337 294 53 
 85 55 3 
 179 505 15 
 586 542 93 
 425 63 74 
 328 123 62 
 345 542 87 
 49 217 20 
 324 116 58 
 72 54 14 
 373 230 98 
 60 26 82 
 424 201 39 
 247 17 55 
 182 528 63 
 344 229 37 
 548 318 21 
 21 364 6 
 265 55 89 
 590 55 56 
 180 55 6 
 372 483 72 
 228 289 66 
 193 488 12 
 345 369 77 
 472 32 99 
 100 294 79 
 316 193 94 
 236 596 82 
 23 185 82 
 326 322 17 
 9 336 45 
 13 158 51 
 311 533 26 
 135 177 12 
 278 416 21 
 562 117 26 
 40 317 3 
 589 139 99 
 389 262 10 
 595 212 48 
 549 300 72 
 466 326 28 
 366 255 99 
 520 147 9 
 494 384 66 
 309 14 51 
 165 229 98 
 294 208 12 
 555 198 70 
 125 524 39 
 320 462 10 
 306 25 58 
 537 173 46 
 272 322 2 
 525 437 69 
 477 502 31 
 202 554 47 
 225 203 67 
 184 470 19 
 546 577 35 
 553 317 84 
 8 372 16 
 128 434 83 
 530 99 5 
 405 278 51 
 360 369 3 
 18 254 27 
 552 232 47 
 368 178 81 
 34 303 49 
 235 60 13 
 296 10 88 
 358 254 37 
 202 373 68 
 351 54 31 
 167 192 87 
 484 503 34 
 71 300 21 
 239 210 29 
 60 211 30 
 130 121 62 
 397 132 100 
 202 319 96 
 302 165 6 
 483 230 78 
 476 395 99 
 13 136 74 
 146 57 22 
 455 513 22 
 8 67 19 
 309 11 27 
 76 182 41 
 241 68 20 
 24 311 83 
 190 8 88 
 471 430 100 
 287 345 30 
 593 597 29 
 338 479 100 
 327 413 34 
 574 344 38 
 161 236 15 
 126 197 97 
 120 133 80 
 560 599 60 
 347 412 34 
 579 40 62 
 489 549 46 
 187 460 95 
 511 300 70 
 480 263 22 
 216 540 49 
 331 164 89 
 502 49 87 
 519 594 40 
 402 188 84 
 267 237 27 
 162 531 3 
 367 314 52 
 37 569 1 
 472 301 88 
 503 473 55 
 167 542 76 
 190 86 72 
 342 95 38 
 17 118 22 
 176 503 18 
 66 53 70 
 178 116 58 
 352 421 12 
 464 147 34 
 506 580 32 
 392 277 20 
 280 98 99 
 95 239 86 
 512 174 5 
 100 234 76 
 400 529 95 
 116 385 58 
 308 440 69 
 227 332 54 
 376 85 11 
 293 343 2 
 539 67 25 
 337 202 36 
 325 533 91 
 196 227 86 
 474 170 19 
 115 503 5 
 357 16 29 
 400 552 77 
 573 118 6 
 62 530 100 
 409 27 82 
 241 225 14 
 393 556 79 
 162 13 78 
 55 352 29 
 567 360 65 
 10 167 64 
 457 149 28 
 96 73 25 
 514 24 24 
 328 128 26 
 86 422 56 
 324 335 70 
 66 514 33 
 227 180 49 
 222 181 71 
 492 317 43 
 15 257 19 
 139 89 97 
 109 143 61 
 274 439 76 
 151 238 86 
 386 137 92 
 280 187 12 
 522 201 51 
 149 379 57 
 580 573 51 
 176 491 28 
 415 526 29 
 340 496 65 
 189 443 39 
 479 14 45 
 198 551 35 
 403 117 53 
 473 575 86 
 155 205 96 
 268 133 32 
 555 334 50 
 100 122 74 
 92 192 64 
 464 158 50 
 521 232 90 
 516 255 33 
 198 51 98 
 529 538 100 
 72 18 100 
 529 459 55 
 447 343 61 
 406 396 18 
 183 309 11 
 80 262 3 
 136 108 81 
 421 195 35 
 210 520 14 
 488 302 90 
 240 391 36 
 62 497 39 
 532 523 83 
 533 415 91 
 251 196 94 
 396 141 85 
 266 478 82 
 487 447 57 
 276 209 20 
 240 367 5 
 297 336 58 
 306 42 89 
 51 394 23 
 533 46 17 
 54 72 44 
 214 99 46 
 58 158 32 
 163 211 17 
 455 365 74 
 135 413 60 
 179 156 29 
 167 87 63 
 432 245 84 
 212 233 41 
 57 377 41 
 81 141 77 
 161 315 75 
 455 428 27 
 152 178 33 
 152 257 30 
 533 395 83 
 467 229 90 
 4 309 77 
 333 381 96 
 213 128 97 
 367 374 60 
 62 529 29 
 392 98 52 
 50 128 57 
 310 127 59 
 261 262 48 
 190 272 49 
 24 263 60 
 37 499 87 
 205 145 8 
 379 395 56 
 323 258 69 
 520 79 94 
 55 317 77 
 141 373 82 
 234 596 82 
 585 487 27 
 95 345 38 
 129 397 7 
 124 202 13 
 97 101 81 
 225 113 98 
 549 98 66 
 100 144 23 
 157 189 25 
 515 437 95 
 422 202 69 
 508 165 47 
 138 566 16 
 253 326 53 
 227 343 22 
 352 520 70 
 554 476 29 
 90 518 36 
 21 510 6 
 73 89 76 
 417 23 7 
 497 28 68 
 522 497 25 
 556 344 11 
 422 482 77 
 593 141 32 
 572 408 47 
 349 551 15 
 391 528 51 
 473 114 28 
 94 565 82 
 491 424 49 
 430 556 55 
 441 381 73 
 105 539 65 
 391 450 79 
 409 62 100 
 510 369 21 
 98 404 54 
 189 11 83 
 421 424 12 
 237 53 44 
 330 12 16 
 559 355 37 
 82 76 46 
 166 435 83 
 102 12 33 
 84 216 5 
 146 52 65 
 46 82 27 
 546 274 86 
 360 572 85 
 76 598 59 
 443 305 61 
 297 583 73 
 13 250 72 
 418 3 72 
 68 248 86 
 209 101 54 
 126 137 91 
 556 345 62 
 44 206 5 
 132 158 28 
 349 305 48 
 381 72 91 
 496 35 55 
 331 485 47 
 506 120 67 
 194 379 48 
 513 241 97 
 314 589 88 
 13 46 51 
 117 2 65 
 316 138 25 
 128 270 40 
 224 120 88 
 514 488 26 
 457 359 30 
 593 261 61 
 373 355 100 
 29 415 98 
 60 52 53 
 344 578 37 
 280 514 21 
 31 44 6 
 587 66 17 
 358 2 28 
 84 283 30 
 334 111 43 
 262 301 50 
 524 90 85 
 32 333 35 
 216 521 78 
 241 36 97 
 48 290 71 
 114 591 12 
 136 101 89 
 543 113 78 
 444 551 57 
 48 222 22 
 580 165 58 
 538 195 10 
 577 57 75 
 591 119 22 
 429 171 1 
 158 7 87 
 301 98 19 
 419 417 68 
 275 87 53 
 362 144 39 
 514 133 7 
 81 395 2 
 238 99 50 
 362 2 68 
 565 222 74 
 271 424 35 
 16 328 42 
 38 314 18 
 222 587 15 
 395 521 86 
 544 436 76 
 217 508 26 
 134 358 80 
 294 267 29 
 34 543 80 
 555 543 3 
 346 490 94 
 8 284 71 
 60 252 41 
 513 392 96 
 262 92 61 
 373 327 67 
 442 398 79 
 17 409 64 
 32 367 37 
 359 388 92 
 292 353 44 
 303 215 43 
 462 57 63 
 399 285 23 
 528 428 81 
 488 497 36 
 123 58 28 
 63 230 88 
 309 370 11 
 373 179 95 
 126 385 7 
 355 403 66 
 66 288 4 
 274 204 38 
 21 582 26 
 597 78 22 
 546 115 11 
 311 238 93 
 285 387 6 
 532 22 14 
 231 129 12 
 222 36 38 
 257 409 44 
 333 410 18 
 518 482 49 
 423 455 5 
 84 254 19 
 474 19 79 
 58 583 73 
 285 362 100 
 415 337 61 
 74 172 39 
 572 308 94 
 59 398 86 
 474 398 34 
 189 564 15 
 562 387 44 
 126 483 94 
 170 595 62 
 302 330 66 
 286 33 58 
 206 332 67 
 418 268 23 
 236 530 57 
 221 347 79 
 61 403 50 
 335 90 80 
 599 83 47 
 160 300 83 
 497 9 13 
 345 39 62 
 590 455 8 
 387 289 40 
 406 593 9 
 513 61 92 
 77 29 9 
 52 596 46 
 237 404 9 
 512 592 66 
 415 319 12 
 160 437 83 
 331 268 50 
 179 149 18 
 466 542 77 
 189 286 89 
 244 312 29 
 187 88 78 
 109 108 68 
 74 347 98 
 410 346 56 
 313 284 73 
 277 500 11 
 568 515 30 
 370 235 70 
 551 380 29 
 374 27 36 
 430 278 90 
 111 497 52 
 486 527 66 
 133 185 14 
 480 454 55 
 57 79 70 
 295 7 88 
 249 291 24 
 322 138 37 
 255 430 45 
 100 373 32 
 540 445 76 
 199 421 58 
 325 292 80 
 3 347 61 
 356 284 71 
 593 15 81 
 487 155 89 
 260 61 79 
 421 441 96 
 389 367 58 
 247 466 95 
 203 180 68 
 383 58 13 
 159 315 88 
 155 498 33 
 503 389 47 
 163 268 26 
 9 242 30 
 298 105 67 
 496 300 45 
 460 581 40 
 51 188 41 
 123 48 9 
 101 506 68 
 43 581 19 
 369 435 49 
 54 423 51 
 61 18 86 
 226 83 90 
 288 226 74 
 598 394 95 
 180 448 2 
 213 262 81 
 171 72 17 
 143 42 97 
 323 168 87 
 559 173 40 
 361 65 71 
 293 197 4 
 543 335 5 
 488 114 64 
 370 180 82 
 182 554 38 
 60 150 50 
 227 592 28 
 2 382 29 
 533 245 53 
 545 373 3 
 467 283 19 
 60 486 88 
 467 325 13 
 174 485 65 
 60 66 92 
 545 548 41 
 163 292 3 
 356 107 75 
 527 565 73 
 504 553 71 
 108 318 66 
 449 203 43 
 263 447 73 
 448 409 46 
 321 24 96 
 188 534 52 
 73 441 83 
 563 296 13 
 508 457 91 
 147 115 12 
 583 390 60 
 266 223 72 
 113 489 86 
 182 571 18 
 337 472 17 
 443 212 30 
 370 483 6 
 437 392 97 
 27 353 95 
 49 506 13 
 26 461 89 
 227 268 50 
 104 545 24 
 562 512 64 
 341 460 64 
 443 341 69 
 250 1 30 
 578 49 94 
 419 492 1 
 87 367 71 
 505 192 53 
 567 224 28 
 264 513 2 
 327 215 68 
 287 574 100 
 262 61 10 
 383 538 97 
 498 499 29 
 123 192 45 
 527 511 95 
 495 541 59 
 163 508 3 
 59 393 60 
 359 442 73 
 512 267 23 
 594 253 66 
 338 171 26 
 148 495 12 
 515 398 50 
 387 75 74 
 598 327 41 
 297 239 36 
 27 9 35 
 25 360 69 
 92 256 34 
 383 596 94 
 514 560 63 
 36 360 94 
 237 409 91 
 301 297 60 
 502 332 40 
 571 381 8 
 508 274 26 
 377 598 49 
 188 210 27 
 199 320 36 
 467 3 85 
 162 4 44 
 509 393 50 
 263 426 11 
 366 479 54 
 375 515 17 
 340 106 85 
 505 240 8 
 450 583 38 
 573 249 50 
 598 180 17 
 339 497 57 
 79 14 30 
 314 287 13 
 396 303 58 
 380 549 10 
 130 221 93 
 261 179 40 
 106 310 61 
 575 580 30 
 301 487 68 
 501 342 83 
 70 578 30 
 385 507 62 
 358 37 40 
 443 545 90 
 119 560 15 
 386 410 65 
 127 91 56 
 181 382 91 
 457 228 18 
 226 234 34 
 151 70 54 
 121 194 30 
 528 163 65 
 23 303 60 
 213 160 80 
 41 491 32 
 147 475 40 
 110 341 82 
 597 553 93 
 362 40 59 
 115 401 9 
 449 417 83 
 420 274 56 
 68 521 24 
 272 481 40 
 380 530 76 
 213 494 31 
 52 367 80 
 336 60 21 
 325 211 46 
 23 72 63 
 539 63 46 
 543 270 30 
 403 272 71 
 73 142 54 
 398 450 23 
 493 77 95 
 133 198 86 
 170 30 78 
 79 435 48 
 567 373 44 
 457 530 21 
 483 237 73 
 534 322 53 
 381 582 32 
 90 39 17 
 518 329 54 
 585 487 22 
 407 294 69 
 390 217 85 
 449 324 15 
 333 214 1 
 493 599 23 
 449 98 33 
 84 545 11 
 184 62 76 
 386 311 48 
 141 422 70 
 553 465 38 
 143 411 10 
 471 486 31 
 347 293 51 
 575 320 91 
 141 467 90 
 302 199 34 
 361 377 36 
 528 460 62 
 100 75 61 
 556 272 45 
 237 295 7 
 578 139 59 
 403 358 54 
 249 4 75 
 282 2 94 
 513 84 80 
 579 358 24 
 581 335 99 
 101 370 24 
 459 103 71 
 350 593 84 
 139 225 79 
 33 335 24 
 377 338 12 
 474 536 53 
 79 539 20 
 41 572 71 
 567 307 51 
 192 120 61 
 191 275 31 
 513 215 14 
 372 294 59 
 439 149 92 
 196 165 8 
 131 352 20 
 354 555 3 
 398 20 43 
 323 234 69 
 498 151 96 
 323 541 26 
 305 116 15 
 486 407 61 
 219 398 53 
 59 7 29 
 48 263 74 
 487 587 39 
 108 377 60 
 583 371 13 
 84 432 18 
 136 182 26 
 347 496 85 
 46 8 29 
 150 589 57 
 412 348 1 
 120 571 65 
 270 234 7 
 385 334 68 
 295 144 69 
 455 220 17 
 209 213 29 
 21 78 54 
 273 573 38 
 393 531 57 
 483 236 57 
 437 236 18 
 420 369 77 
 547 224 15 
 299 73 3 
 520 183 31 
 394 347 61 
 356 153 69 
 42 454 84 
 65 572 12 
 19 248 27 
 37 96 34 
 456 563 89 
 532 526 2 
 64 67 77 
 408 115 68 
 184 275 15 
 45 245 56 
 240 538 12 
 209 297 77 
 406 509 21 
 285 547 19 
 456 326 62 
 222 576 37 
 587 436 50 
 134 317 98 
 196 157 15 
 157 580 29 
 508 72 33 
 274 137 66 
 527 316 13 
 242 493 11 
 161 425 82 
 281 359 42 
 576 210 30 
 396 400 3 
 515 268 93 
 549 572 19 
 104 328 5 
 463 456 98 
 270 224 67 
 245 485 84 
 339 431 84 
 219 64 44 
 5 589 38 
 131 273 32 
 594 293 52 
 307 323 36 
 334 127 49 
 211 54 96 
 15 399 88 
 536 268 74 
 332 245 39 
 542 425 13 
 244 549 50 
 269 292 66 
 431 146 82 
 525 56 16 
 89 248 99 
 52 490 28 
 157 531 95 
 394 268 41 
 584 419 39 
 232 166 17 
 552 468 92 
 510 227 65 
 315 541 6 
 262 558 18 
 282 328 94 
 59 356 82 
 455 240 55 
 30 86 11 
 109 583 62 
 70 54 90 
 528 363 61 
 10 317 10 
 36 217 51 
 185 60 78 
 317 357 98 
 347 142 35 
 450 515 7 
 144 305 15 
 565 388 40 
 503 136 16 
 359 346 30 
 184 424 16 
 595 207 86 
 108 467 11 
 138 361 53 
 66 287 23 
 423 367 10 
 543 38 20 
 301 219 6 
 33 42 80 
 316 57 21 
 133 65 56 
 178 314 10 
 360 30 75 
 164 312 68 
 270 241 94 
 146 508 68 
 95 225 34 
 25 308 18 
 73 546 22 
 167 433 88 
 90 369 22 
 338 470 45 
 291 432 15 
 238 242 47 
 34 450 90 
 294 69 65 
 220 427 17 
 526 179 56 
 469 189 11 
 431 194 68 
 186 319 22 
 478 565 4 
 180 409 8 
 575 7 83 
 135 10 14 
 82 350 69 
 14 433 34 
 253 358 43 
 268 440 92 
 40 472 23 
 238 57 84 
 218 431 71 
 9 373 77 
 22 180 7 
 13 346 44 
 93 570 25 
 202 392 99 
 301 531 39 
 467 555 30 
 290 391 40 
 156 106 100 
 110 98 100 
 254 471 46 
 581 262 65 
 55 255 28 
 355 140 73 
 351 416 47 
 256 494 23 
 356 211 83 
 349 142 70 
 375 567 53 
 291 141 16 
 491 269 29 
 211 436 31 
 132 576 87 
 302 122 29 
 589 571 43 
 468 123 53 
 301 205 21 
 374 460 57 
 100 234 86 
 124 72 10 
 56 365 27 
 99 187 76 
 405 408 42 
 301 443 67 
 63 377 83 
 554 498 14 
 141 303 71 
 232 162 63 
 285 220 81 
 466 511 100 
 107 339 94 
 240 152 56 
 261 233 35 
 228 171 22 
 248 21 23 
 310 381 76 
 13 231 44 
 546 286 63 
 401 422 35 
 394 363 34 
 93 160 85 
 187 185 64 
 236 587 40 
 332 428 58 
 222 248 65 
 134 210 55 
 266 274 32 
 538 419 77 
 540 346 2 
 64 435 78 
 193 485 45 
 181 65 62 
 42 417 79 
 76 404 11 
 160 109 56 
 150 239 10 
 516 40 16 
 320 349 65 
 566 277 73 
 202 583 18 
 102 459 24 
 78 86 14 
 3 186 68 
 237 505 94 
 225 568 53 
 513 569 84 
 377 263 40 
 327 448 26 
 559 58 23 
 59 41 74 
 254 454 38 
 597 587 36 
 320 242 23 
 74 487 16 
 141 553 20 
 225 260 30 
 266 531 71 
 341 574 33 
 469 375 76 
 141 3 31 
 60 207 58 
 464 573 37 
 41 305 40 
 258 65 81 
 165 183 98 
 558 226 21 
 364 382 14 
 572 267 95 
 331 380 38 
 66 560 62 
 344 304 77 
 160 550 5 
 557 42 100 
 239 106 74 
 17 535 10 
 264 407 41 
 388 468 54 
 102 272 27 
 521 423 37 
 596 303 99 
 244 302 59 
 371 295 80 
 64 181 2 
 593 8 39 
 370 471 17 
 135 568 86 
 525 42 24 
 449 375 14 
 40 62 50 
 80 253 90 
 447 286 92 
 83 461 23 
 577 535 70 
 214 388 60 
 341 46 99 
 86 397 12 
 496 43 58 
 36 521 73 
 93 492 56 
 469 212 13 
 479 511 38 
 301 58 1 
 436 129 85 
 282 483 56 
 495 276 33 
 23 443 89 
 123 165 98 
 254 543 54 
 457 447 12 
 484 516 22 
 349 352 32 
 442 516 23 
 455 143 94 
 484 355 54 
 384 222 65 
 231 536 39 
 459 235 95 
 232 60 74 
 526 436 69 
 336 569 44 
 290 7 73 
 460 446 49 
 469 131 51 
 45 518 14 
 115 90 93 
 130 393 4 
 73 212 10 
 265 508 44 
 482 53 36 
 256 583 76 
 90 298 45 
 140 366 59 
 358 68 9 
 247 337 41 
 112 110 2 
 117 135 49 
 573 115 12 
 526 98 65 
 252 428 37 
 365 62 96 
 380 424 81 
 37 38 65 
 549 510 33 
 26 460 67 
 539 228 22 
 146 365 1 
 90 450 8 
 358 488 2 
 330 115 83 
 309 424 43 
 12 346 39 
 207 587 60 
 234 348 35 
 316 76 80 
 567 57 62 
 72 257 79 
 330 478 46 
 127 361 35 
 178 254 29 
 575 239 57 
 397 378 48 
 205 460 78 
 12 132 55 
 249 271 85 
 124 583 31 
 62 340 49 
 76 487 29 
 569 11 32 
 347 513 64 
 438 369 90 
 321 89 52 
 204 493 42 
 155 416 73 
 116 416 56 
 73 268 60 
 361 556 8 
 191 549 27 
 377 1 9 
 451 349 68 
 276 270 89 
 204 480 100 
 538 473 85 
 10 510 39 
 405 274 60 
 542 34 67 
 264 279 78 
 345 491 29 
 238 248 12 
 305 15 34 
 395 76 52 
 57 265 62 
 208 348 35 
 185 506 41 
 479 521 24 
 31 135 66 
 474 355 44 
 567 395 27 
 411 105 43 
 499 234 15 
 297 549 55 
 247 75 47 
 500 173 53 
 114 94 53 
 424 388 19 
 476 459 73 
 404 124 21 
 576 297 50 
 459 182 40 
 441 88 74 
 3 404 76 
 367 18 74 
 270 281 55 
 473 198 31 
 15 64 89 
 451 508 77 
 162 479 64 
 402 401 45 
 65 441 64 
 430 343 70 
 277 388 51 
 147 597 1 
 216 154 57 
 70 176 47 
 516 504 34 
 484 218 31 
 62 56 95 
 204 231 90 
 216 596 3 
 522 466 2 
 588 5 33 
 562 316 31 
 330 265 7 
 37 551 28 
 66 284 66 
 218 305 58 
 98 462 80 
 12 349 70 
 305 37 78 
 84 66 55 
 590 240 47 
 223 22 48 
 162 354 100 
 163 16 95 
 211 22 43 
 127 268 76 
 1 575 100 
 14 459 92 
 474 534 78 
 72 474 96 
 84 157 95 
 203 350 100 
 392 254 49 
 42 16 96 
 428 567 72 
 452 43 20 
 91 133 9 
 441 545 92 
 489 309 7 
 589 151 91 
 188 380 53 
 202 127 54 
 577 375 47 
 111 540 98 
 113 45 67 
 357 36 70 
 153 322 29 
 429 171 86 
 59 49 8 
 114 400 22 
 379 53 50 
 452 22 30 
 271 183 34 
 521 323 49 
 33 461 43 
 135 70 2 
 226 214 48 
 506 376 74 
 311 379 72 
 479 525 19 
 207 80 73 
 510 330 13 
 239 527 10 
 172 182 75 
 230 358 66 
 129 265 81 
 545 440 97 
 235 236 73 
 155 320 96 
 97 492 7 
 14 553 87 
 335 105 36 
 73 177 95 
 280 145 64 
 465 318 64 
 412 203 38 
 569 408 53 
 151 206 22 
 402 460 91 
 411 345 7 
 213 460 57 
 170 238 47 
 236 571 25 
 451 83 11 
 567 304 15 
 509 508 35 
 542 413 67 
 469 208 43 
 442 128 74 
 1 375 9 
 252 288 25 
 1 8 94 
 421 450 67 
 105 539 67 
 58 594 80 
 16 75 5 
 233 117 100 
 19 103 54 
 109 330 17 
 375 321 95 
 483 181 56 
 167 332 55 
 572 386 17 
 516 296 49 
 54 223 4 
 301 512 57 
 202 494 36 
 431 137 82 
 392 127 89 
 177 58 4 
 118 80 51 
 211 453 61 
 426 268 22 
 381 395 37 
 59 481 58 
 242 416 73 
 528 279 57 
 71 376 15 
 480 37 37 
 114 158 31 
 404 321 69 
 75 81 84 
 500 388 84 
 480 237 95 
 121 230 18 
 465 76 25 
 419 304 94 
 78 428 29 
 562 328 51 
 339 8 7 
 98 396 53 
 298 242 11 
 242 286 75 
 410 70 61 
 539 472 50 
 538 489 84 
 216 413 88 
 21 159 51 
 307 302 9 
 8 155 99 
 543 401 75 
 4 99 2 
 422 552 69 
 43 210 40 
 181 475 41 
 579 150 99 
 391 12 20 
 481 317 90 
 335 574 86 
 302 108 3 
 5 8 98 
 3 580 56 
 563 582 43 
 430 396 80 
 535 259 24 
 251 469 27 
 218 551 20 
 319 502 61 
 401 414 50 
 331 542 50 
 587 558 18 
 320 371 3 
 184 454 59 
 445 196 100 
 152 542 18 
 165 283 95 
 289 515 91 
 98 220 12 
 221 203 19 
 90 376 70 
 518 235 32 
 347 282 81 
 191 198 62 
 490 217 56 
 293 158 99 
 522 275 33 
 9 416 36 
 477 568 26 
 164 78 92 
 221 585 75 
 373 108 47 
 202 339 9 
 147 390 17 
 455 156 91 
 434 292 69 
 100 352 86 
 14 176 7 
 273 570 41 
 130 370 13 
 282 226 78 
 25 520 80 
 391 96 42 
 155 438 21 
 409 111 86 
 228 113 63 
 40 409 14 
 569 342 49 
 490 538 20 
 142 463 57 
 100 254 18 
 453 319 52 
 265 580 41 
 597 430 70 
 24 401 52 
 256 147 43 
 354 225 59 
 305 336 43 
 367 461 39 
 485 552 81 
 155 183 94 
 165 514 5 
 222 396 14 
 429 377 24 
 346 412 95 
 114 7 100 
 518 516 35 
 31 585 68 
 282 274 7 
 492 301 12 
 438 300 96 
 184 285 99 
 514 424 25 
 484 36 85 
 595 381 18 
 223 70 72 
 327 500 14 
 33 189 55 
 245 207 74 
 293 364 100 
 73 164 93 
 322 148 100 
 143 490 21 
 435 280 26 
 559 187 68 
 272 195 9 
 281 78 28 
 193 595 42 
 15 70 44 
 268 475 28 
 546 94 36 
 11 184 3 
 173 80 78 
 561 184 24 
 281 75 85 
 203 437 16 
 343 190 74 
 186 250 78 
 478 423 54 
 365 527 77 
 505 269 53 
 299 248 66 
 383 595 60 
 260 528 60 
 260 442 21 
 92 287 100 
 535 485 54 
 472 139 58 
 349 426 18 
 330 23 16 
 152 582 64 
 294 36 4 
 534 210 19 
 496 364 3 
 352 314 95 
 521 127 47 
 521 1 74 
 130 322 53 
 458 392 7 
 574 426 18 
 131 320 92 
 356 433 96 
 508 504 21 
 349 270 20 
 134 420 9 
 270 177 79 
 161 155 67 
 552 150 72 
 276 50 66 
 13 124 61 
 331 193 40 
 27 499 97 
 126 32 93 
 548 245 60 
 10 244 45 
 42 308 94 
 479 67 76 
 302 557 65 
 461 405 92 
 488 539 79 
 429 464 90 
 230 257 3 
 562 63 8 
 361 256 86 
 110 575 55 
 126 576 45 
 380 196 18 
 254 358 53 
 253 146 35 
 460 390 23 
 313 569 7 
 120 231 74 
 219 522 21 
 344 594 23 
 245 84 16 
 151 557 9 
 465 376 43 
 567 493 40 
 533 350 44 
 49 282 84 
 132 241 100 
 105 520 68 
 207 168 90 
 430 190 26 
 360 577 100 
 107 271 74 
 320 567 86 
 295 312 48 
 551 267 14 
 244 59 35 
 125 330 94 
 313 512 97 
 156 178 98 
 99 319 63 
 587 66 41 
 75 580 2 
 319 106 65 
 200 463 41 
 364 339 23 
 4 85 66 
 163 500 71 
 439 43 45 
 259 197 34 
 326 243 75 
 352 229 90 
 530 56 56 
 433 475 27 
 434 19 3 
 240 287 64 
 355 407 36 
 330 207 87 
 60 65 39 
 208 225 74 
 522 332 20 
 360 438 90 
 531 200 76 
 258 98 63 
 500 183 87 
 359 83 58 
 372 575 70 
 471 11 1 
 150 438 93 
 505 249 67 
 365 281 37 
 135 38 24 
 304 176 9 
 254 564 63 
 498 456 54 
 420 258 29 
 377 495 47 
 242 567 72 
 467 583 22 
 48 64 33 
 65 56 36 
 112 449 93 
 335 233 72 
 550 301 99 
 163 156 60 
 28 517 80 
 454 598 32 
 38 48 14 
 465 121 23 
 107 269 36 
 357 20 23 
 114 377 60 
 363 595 9 
 112 6 19 
 220 56 70 
 403 127 78 
 376 222 84 
 459 181 34 
 329 299 57 
 131 549 72 
 469 421 94 
 577 526 49 
 147 8 7 
 21 166 29 
 587 378 28 
 118 439 92 
 597 327 41 
 47 351 98 
 520 352 34 
 429 270 39 
 51 465 85 
 515 40 52 
 39 194 86 
 545 103 42 
 10 159 36 
 247 276 97 
 560 132 5 
 311 130 12 
 130 475 83 
 234 305 47 
 215 95 96 
 9 123 66 
 237 433 93 
 541 68 67 
 441 469 35 
 563 197 69 
 385 427 22 
 546 444 17 
 502 112 64 
 409 185 76 
 471 234 21 
 478 377 58 
 299 584 28 
 545 407 64 
 502 257 58 
 372 98 51 
 101 385 44 
 290 130 94 
 370 193 89 
 426 573 12 
 23 562 41 
 255 182 9 
 314 451 46 
 137 443 72 
 191 438 36 
 58 152 79 
 446 382 95 
 250 218 79 
 328 510 53 
 413 354 31 
 48 222 2 
 123 485 11 
 12 471 43 
 155 555 38 
 372 304 94 
 39 505 49 
 171 58 13 
 252 324 67 
 246 566 6 
 183 92 69 
 123 332 35 
 314 417 71 
 122 423 57 
 569 61 20 
 492 270 96 
 136 475 32 
 464 363 75 
 541 171 22 
 474 578 21 
 76 588 11 
 510 426 23 
 589 172 53 
 344 191 88 
 157 25 89 
 295 361 4 
 338 433 57 
 60 214 46 
 44 217 71 
 97 236 90 
 576 428 98 
 78 440 81 
 478 129 38 
 245 286 29 
 279 246 54 
 400 577 48 
 424 200 49 
 579 331 48 
 550 369 71 
 43 446 51 
 582 590 30 
 362 539 94 
 254 311 66 
 252 184 12 
 584 56 4 
 404 504 21 
 96 142 76 
 73 429 16 
 350 67 52 
 63 112 1 
 405 331 13 
 545 158 9 
 10 319 73 
 388 53 1 
 563 405 68 
 529 152 68 
 433 379 38 
 100 306 27 
 18 559 76 
 405 391 65 
 578 554 19 
 317 357 23 
 178 238 70 
 431 351 14 
 499 27 13 
 149 572 57 
 353 136 61 
 554 313 40 
 255 476 62 
 114 383 87 
 156 391 20 
 92 395 99 
 10 244 15 
 511 485 95 
 589 409 77 
 125 434 4 
 416 593 68 
 257 168 15 
 205 511 39 
 348 399 45 
 276 414 45 
 113 532 91 
 525 563 8 
 122 522 46 
 316 127 3 
 351 290 14 